"daysFromToday","Day","Korea","Italy","X","dif.Korea","dif.Italy","dif.X","growth.Korea","growth.Italy","growth.X","prj.grKO.X","prj.grIT.X","grKO.prj.tot.X","grIT.prj.tot.X","dif.grKO.prj.tot.X","dif.grIT.prj.tot.X","growth.grKO.prj.tot.X","growth.grIT.prj.tot.X"
-98,NA,NA,NA,104,NA,NA,NA,NA,NA,NA,NA,NA,NA,NA,NA,NA,NA,NA
-97,NA,NA,NA,124,NA,NA,20,NA,NA,19.2307692307692,NA,NA,NA,NA,NA,NA,NA,NA
-96,NA,NA,NA,157,NA,NA,33,NA,NA,26.6129032258064,NA,NA,NA,NA,NA,NA,NA,NA
-95,NA,NA,NA,198,NA,NA,41,NA,NA,26.1146496815287,NA,NA,NA,NA,NA,NA,NA,NA
-94,NA,NA,NA,248,NA,NA,50,NA,NA,25.2525252525253,NA,NA,NA,NA,NA,NA,NA,NA
-93,NA,NA,NA,302,NA,NA,54,NA,NA,21.7741935483871,NA,NA,NA,NA,NA,NA,NA,NA
-92,NA,NA,NA,394,NA,NA,92,NA,NA,30.4635761589404,NA,NA,NA,NA,NA,NA,NA,NA
-91,NA,NA,NA,439,NA,NA,45,NA,NA,11.4213197969543,NA,NA,NA,NA,NA,NA,NA,NA
-90,NA,NA,NA,480,NA,NA,41,NA,NA,9.33940774487472,NA,NA,NA,NA,NA,NA,NA,NA
-89,NA,NA,NA,591,NA,NA,111,NA,NA,23.125,NA,NA,NA,NA,NA,NA,NA,NA
-88,NA,NA,NA,680,NA,NA,89,NA,NA,15.0592216582064,NA,NA,NA,NA,NA,NA,NA,NA
-87,NA,NA,NA,770,NA,NA,90,NA,NA,13.2352941176471,NA,NA,NA,NA,NA,NA,NA,NA
-86,NA,NA,NA,831,NA,NA,61,NA,NA,7.92207792207792,NA,NA,NA,NA,NA,NA,NA,NA
-85,NA,NA,NA,917,NA,NA,86,NA,NA,10.3489771359807,NA,NA,NA,NA,NA,NA,NA,NA
-84,NA,NA,NA,955,NA,NA,38,NA,NA,4.14394765539804,NA,NA,NA,NA,NA,NA,NA,NA
-83,NA,NA,NA,1008,NA,NA,53,NA,NA,5.54973821989529,NA,NA,NA,NA,NA,NA,NA,NA
-82,NA,NA,NA,1149,NA,NA,141,NA,NA,13.9880952380952,NA,NA,NA,NA,NA,NA,NA,NA
-81,NA,NA,NA,1346,NA,NA,197,NA,NA,17.1453437771976,NA,NA,NA,NA,NA,NA,NA,NA
-80,NA,NA,NA,1693,NA,NA,347,NA,NA,25.7800891530461,NA,NA,NA,NA,NA,NA,NA,NA
-79,NA,NA,NA,1693,NA,NA,0,NA,NA,0,NA,NA,NA,NA,NA,NA,NA,NA
-78,NA,NA,NA,1840,NA,NA,147,NA,NA,8.6828115770821,NA,NA,NA,NA,NA,NA,NA,NA
-77,NA,NA,NA,1963,NA,NA,123,NA,NA,6.68478260869565,NA,NA,NA,NA,NA,NA,NA,NA
-76,NA,NA,NA,2048,NA,NA,85,NA,NA,4.3301069791136,NA,NA,NA,NA,NA,NA,NA,NA
-75,NA,NA,NA,2210,NA,NA,162,NA,NA,7.91015625,NA,NA,NA,NA,NA,NA,NA,NA
-74,NA,NA,NA,2291,NA,NA,81,NA,NA,3.66515837104072,NA,NA,NA,NA,NA,NA,NA,NA
-73,NA,NA,NA,2429,NA,NA,138,NA,NA,6.02357049323439,NA,NA,NA,NA,NA,NA,NA,NA
-72,NA,NA,NA,2522,NA,NA,93,NA,NA,3.82873610539317,NA,NA,NA,NA,NA,NA,NA,NA
-71,NA,NA,NA,2707,NA,NA,185,NA,NA,7.33544805709754,NA,NA,NA,NA,NA,NA,NA,NA
-70,NA,NA,NA,2960,NA,NA,253,NA,NA,9.34613963797562,NA,NA,NA,NA,NA,NA,NA,NA
-69,NA,NA,NA,3050,NA,NA,90,NA,NA,3.04054054054054,NA,NA,NA,NA,NA,NA,NA,NA
-68,NA,NA,NA,3192,NA,NA,142,NA,NA,4.65573770491803,NA,NA,NA,NA,NA,NA,NA,NA
-67,NA,NA,NA,3373,NA,NA,181,NA,NA,5.67042606516291,NA,NA,NA,NA,NA,NA,NA,NA
-66,NA,NA,11,3481,NA,NA,108,NA,NA,3.20189742069374,NA,NA,NA,NA,NA,NA,NA,NA
-65,NA,NA,17,3779,NA,6,298,NA,54.5454545454545,8.56075840275783,NA,NA,NA,NA,NA,NA,NA,NA
-64,NA,NA,24,3905,NA,7,126,NA,41.1764705882353,3.33421540089971,NA,NA,NA,NA,NA,NA,NA,NA
-63,NA,NA,33,4074,NA,9,169,NA,37.5,4.32778489116517,NA,NA,NA,NA,NA,NA,NA,NA
-62,NA,NA,48,4146,NA,15,72,NA,45.4545454545455,1.76730486008837,NA,NA,NA,NA,NA,NA,NA,NA
-61,NA,NA,66,4375,NA,18,229,NA,37.5,5.52339604438013,NA,NA,NA,NA,NA,NA,NA,NA
-60,NA,NA,83,4539,NA,17,164,NA,25.7575757575758,3.74857142857143,NA,NA,NA,NA,NA,NA,NA,NA
-59,NA,NA,125,4708,NA,42,169,NA,50.6024096385542,3.72328706763604,NA,NA,NA,NA,NA,NA,NA,NA
-58,NA,NA,150,4879,NA,25,171,NA,20,3.6321155480034,NA,NA,NA,NA,NA,NA,NA,NA
-57,NA,NA,185,4879,NA,35,0,NA,23.3333333333333,0,NA,NA,NA,NA,NA,NA,NA,NA
-56,NA,NA,228,5130,NA,43,251,NA,23.2432432432432,5.14449682311949,NA,NA,NA,NA,NA,NA,NA,NA
-55,NA,NA,285,5245,NA,57,115,NA,25,2.24171539961014,NA,NA,NA,NA,NA,NA,NA,NA
-54,NA,NA,343,5822,NA,58,577,NA,20.3508771929825,11.0009532888465,NA,NA,NA,NA,NA,NA,NA,NA
-53,NA,NA,435,5934,NA,92,112,NA,26.8221574344023,1.92373754723463,NA,NA,NA,NA,NA,NA,NA,NA
-52,NA,NA,545,6129,NA,110,195,NA,25.2873563218391,3.28614762386249,NA,NA,NA,NA,NA,NA,NA,NA
-51,NA,NA,678,6288,NA,133,159,NA,24.4036697247706,2.59422418012726,NA,NA,NA,NA,NA,NA,NA,NA
-50,NA,NA,750,6440,NA,72,152,NA,10.6194690265487,2.41730279898219,NA,NA,NA,NA,NA,NA,NA,NA
-49,NA,NA,921,6440,NA,171,0,NA,22.8,0,NA,NA,NA,NA,NA,NA,NA,NA
-48,NA,NA,1117,6677,NA,196,237,NA,21.2812160694897,3.68012422360248,NA,NA,NA,NA,NA,NA,NA,NA
-47,NA,NA,1305,6853,NA,188,176,NA,16.8307967770815,2.63591433278418,NA,NA,NA,NA,NA,NA,NA,NA
-46,NA,NA,1563,7080,NA,258,227,NA,19.7701149425287,3.31241791915949,NA,NA,NA,NA,NA,NA,NA,NA
-45,NA,NA,1829,7225,NA,266,145,NA,17.0185540626999,2.04802259887006,NA,NA,NA,NA,NA,NA,NA,NA
-44,NA,NA,2068,7444,NA,239,219,NA,13.0672498633133,3.03114186851211,NA,NA,NA,NA,NA,NA,NA,NA
-43,NA,NA,2328,7688,NA,260,244,NA,12.5725338491296,3.27780763030629,NA,NA,NA,NA,NA,NA,NA,NA
-42,NA,NA,2639,7688,NA,311,0,NA,13.3591065292096,0,NA,NA,NA,NA,NA,NA,NA,NA
-41,NA,NA,3032,8069,NA,393,381,NA,14.892004547177,4.95577523413111,NA,NA,NA,NA,NA,NA,NA,NA
-40,NA,NA,3474,8069,NA,442,0,NA,14.5778364116095,0,NA,NA,NA,NA,NA,NA,NA,NA
-39,NA,NA,3959,8167,NA,485,98,NA,13.9608520437536,1.21452472425332,NA,NA,NA,NA,NA,NA,NA,NA
-38,NA,NA,4370,8286,NA,411,119,NA,10.38140944683,1.45708338435166,NA,NA,NA,NA,NA,NA,NA,NA
-37,NA,NA,4724,8426,NA,354,140,NA,8.10068649885584,1.68959691045136,NA,NA,NA,NA,NA,NA,NA,NA
-36,NA,NA,5112,8571,NA,388,145,NA,8.21337849280271,1.72086399240446,NA,NA,NA,NA,NA,NA,NA,NA
-35,NA,NA,5497,8571,NA,385,0,NA,7.53129890453834,0,NA,NA,NA,NA,NA,NA,NA,NA
-34,NA,NA,5955,8571,NA,458,0,NA,8.33181735492087,0,NA,NA,NA,NA,NA,NA,NA,NA
-33,NA,NA,6392,9077,NA,437,506,NA,7.33837111670865,5.90362851475907,NA,NA,NA,NA,NA,NA,NA,NA
-32,NA,NA,6833,9077,NA,441,0,NA,6.89924906132666,0,NA,NA,NA,NA,NA,NA,NA,NA
-31,NA,NA,7218,9184,NA,385,107,NA,5.63442119127762,1.17880356946128,NA,NA,NA,NA,NA,NA,NA,NA
-30,NA,NA,7518,9464,NA,300,280,NA,4.15627597672485,3.04878048780488,NA,NA,NA,NA,NA,NA,NA,NA
-29,NA,NA,7817,9704,NA,299,240,NA,3.97712157488694,2.53592561284869,NA,NA,NA,NA,NA,NA,NA,NA
-28,NA,NA,8171,10046,NA,354,342,NA,4.52859153127798,3.52431986809563,NA,NA,NA,NA,NA,NA,NA,NA
-27,NA,NA,8516,10185,NA,345,139,NA,4.2222494186758,1.38363527772248,NA,NA,NA,NA,NA,NA,NA,NA
-26,NA,NA,8854,10410,NA,338,225,NA,3.96899953029591,2.20913107511046,NA,NA,NA,NA,NA,NA,NA,NA
-25,NA,NA,9209,10705,NA,355,295,NA,4.00948723740682,2.83381364073007,NA,NA,NA,NA,NA,NA,NA,NA
-24,NA,NA,9528,10977,NA,319,272,NA,3.46400260614616,2.5408687529192,NA,NA,NA,NA,NA,NA,NA,NA
-23,NA,NA,9794,11287,NA,266,310,NA,2.79177162048699,2.82408672679238,NA,NA,NA,NA,NA,NA,NA,NA
-22,NA,NA,10019,11287,NA,225,0,NA,2.2973248927915,0,NA,NA,NA,NA,NA,NA,NA,NA
-21,0,9,10302,11476,NA,283,189,NA,2.82463319692584,1.67449277930362,NA,NA,NA,NA,NA,NA,NA,NA
-20,1,18,10613,11708,9,311,232,100,3.0188312948942,2.02161031718369,NA,NA,NA,NA,NA,NA,NA,NA
-19,2,38,10905,11883,20,292,175,111.111111111111,2.75134269292377,1.49470447557226,NA,NA,NA,NA,NA,NA,NA,NA
-18,3,52,11252,11945,14,347,62,36.8421052631579,3.18202659330582,0.521753765884036,NA,NA,NA,NA,NA,NA,NA,NA
-17,4,73,11554,11945,21,302,0,40.3846153846154,2.68396729470316,0,NA,NA,NA,NA,NA,NA,NA,NA
-16,5,85,11787,12445,12,233,500,16.4383561643836,2.01661762160291,4.18585182084554,NA,NA,NA,NA,NA,NA,NA,NA
-15,6,110,12007,12445,25,220,0,29.4117647058824,1.86646305251548,0,NA,NA,NA,NA,NA,NA,NA,NA
-14,7,154,12204,12647,44,197,202,40,1.64070958607479,1.62314182402571,NA,NA,NA,NA,NA,NA,NA,NA
-13,8,204,12483,12829,50,279,182,32.4675324675325,2.28613569321534,1.43907646082075,NA,NA,NA,NA,NA,NA,NA,NA
-12,9,274,12742,12995,70,259,166,34.3137254901961,2.07482175759032,1.29394340946294,NA,NA,NA,NA,NA,NA,NA,NA
-11,10,326,13000,13197,52,258,202,18.978102189781,2.02479987443102,1.55444401692959,NA,NA,NA,NA,NA,NA,NA,NA
-10,11,378,13225,13454,52,225,257,15.9509202453988,1.73076923076923,1.94741229067212,NA,NA,NA,NA,NA,NA,NA,NA
-9,12,452,13391,13630,74,166,176,19.5767195767196,1.25519848771267,1.30816114166791,NA,NA,NA,NA,NA,NA,NA,NA
-8,13,490,13593,13750,38,202,120,8.4070796460177,1.50847584198342,0.880410858400587,NA,NA,NA,NA,NA,NA,NA,NA
-7,14,531,13842,13839,41,249,89,8.36734693877551,1.83182520414919,0.647272727272727,NA,NA,NA,NA,NA,NA,NA,NA
-6,15,575,14038,14141,44,196,302,8.28625235404897,1.41598034966045,2.18223860105499,NA,NA,NA,NA,NA,NA,NA,NA
-5,16,614,14261,14363,39,223,222,6.78260869565217,1.58854537683431,1.56990311859133,NA,NA,NA,NA,NA,NA,NA,NA
-4,17,637,14435,14617,23,174,254,3.74592833876222,1.22011079166959,1.76843277866741,NA,NA,NA,NA,NA,NA,NA,NA
-3,18,652,14607,14859,15,172,242,2.35478806907378,1.19154832005542,1.65560648559896,NA,NA,NA,NA,NA,NA,NA,NA
-2,19,655,14735,14859,3,128,0,0.460122699386503,0.876292188676662,0,NA,NA,NA,NA,NA,NA,NA,NA
-1,20,676,14890,15232,21,155,373,3.20610687022901,1.05191720393621,2.5102631401844,NA,NA,NA,NA,NA,NA,NA,NA
0,21,686,15044,15347,10,154,115,1.4792899408284,1.03425117528543,0.754989495798319,NA,NA,15347,15347,115,115,NA,NA
1,22,695,15182,NA,9,138,NA,1.31195335276968,0.917309226269609,NA,1.31195335276968,0.917309226269609,15548.3454810496,15487.7794469556,201.345481049562,140.779446955596,1.31195335276968,0.917309226269601
2,23,705,15327,NA,10,145,NA,1.43884892086331,0.955078382294823,NA,1.43884892086331,0.955078382294823,15772.0626822157,15635.699880351,223.717201166179,147.920433395375,1.4388489208633,0.955078382294831
3,24,711,15468,NA,6,141,NA,0.851063829787234,0.919945194754355,NA,0.851063829787234,0.919945194754355,15906.2930029155,15779.5397500665,134.230320699709,143.839869715501,0.85106382978724,0.919945194754352
4,25,718,15570,NA,7,102,NA,0.984528832630098,0.659425911559348,NA,0.984528832630098,0.659425911559348,16062.8950437318,15883.5941239032,156.602040816326,104.054373836745,0.984528832630094,0.659425911559345
5,26,725,15661,NA,7,91,NA,0.974930362116992,0.584457289659602,NA,0.974930362116992,0.584457289659602,16219.4970845481,15976.4269476203,156.602040816328,92.832823717099,0.974930362116999,0.584457289659618
6,27,733,15740,NA,8,79,NA,1.10344827586207,0.504437775365558,NA,1.10344827586207,0.504437775365558,16398.470845481,16057.0180802978,178.973760932942,80.5911326774785,1.10344827586205,0.504437775365552
7,28,746,15847,NA,13,107,NA,1.77353342428377,0.679796696315121,NA,1.77353342428377,0.679796696315121,16689.3032069971,16166.1731587344,290.832361516037,109.155078436586,1.77353342428378,0.679796696315123
8,29,754,15950,NA,8,103,NA,1.07238605898123,0.649965293115416,NA,1.07238605898123,0.649965293115416,16868.27696793,16271.2476734911,178.973760932946,105.074514756712,1.07238605898124,0.649965293115407
9,30,767,16048,NA,13,98,NA,1.72413793103448,0.614420062695925,NA,1.72413793103448,0.614420062695925,17159.1093294461,16371.221483648,290.832361516033,99.9738101568728,1.72413793103447,0.614420062695922
10,31,775,16128,NA,8,80,NA,1.04302477183833,0.498504486540379,NA,1.04302477183833,0.498504486540379,17338.083090379,16452.8327572454,178.973760932946,81.6112735974493,1.04302477183834,0.49850448654039
11,32,781,16188,NA,6,60,NA,0.774193548387097,0.372023809523809,NA,0.774193548387097,0.372023809523809,17472.3134110787,16514.0412124435,134.230320699709,61.2084551980879,0.774193548387102,0.372023809523823
12,33,787,16243,NA,6,55,NA,0.768245838668374,0.339757845317519,NA,0.768245838668374,0.339757845317519,17606.5437317784,16570.1489630417,134.230320699706,56.1077505982466,0.768245838668358,0.339757845317528
13,34,796,16346,NA,9,103,NA,1.143583227446,0.634119312934803,NA,1.143583227446,0.634119312934803,17807.889212828,16675.2234777985,201.34548104956,105.074514756714,1.14358322744599,0.634119312934805
14,35,805,16412,NA,9,66,NA,1.13065326633166,0.403768506056528,NA,1.13065326633166,0.403768506056528,18009.2346938775,16742.5527785164,201.345481049564,67.3293007178945,1.13065326633167,0.403768506056529
15,36,813,16485,NA,8,73,NA,0.993788819875776,0.444796490372898,NA,0.993788819875776,0.444796490372898,18188.2084548105,16817.023065674,178.973760932946,74.4702871576701,0.993788819875784,0.444796490372893
16,37,826,16543,NA,13,58,NA,1.5990159901599,0.35183500151653,NA,1.5990159901599,0.35183500151653,18479.0408163265,16876.1912390322,290.832361516033,59.1681733581463,1.59901599015989,0.351835001516512
17,38,835,16608,NA,9,65,NA,1.08958837772397,0.392915432509218,NA,1.08958837772397,0.392915432509218,18680.3862973761,16942.5003988301,201.345481049564,66.3091597979255,1.08958837772398,0.392915432509215
18,39,842,16658,NA,7,50,NA,0.838323353293413,0.301059730250482,NA,0.838323353293413,0.301059730250482,18836.9883381924,16993.5074448285,156.602040816328,51.0070459984017,0.838323353293419,0.301059730250464
19,40,853,16691,NA,11,33,NA,1.30641330166271,0.198103013567055,NA,1.30641330166271,0.198103013567055,19083.0772594752,17027.1720951874,246.088921282797,33.6646503589473,1.3064133016627,0.198103013567056
20,41,862,16751,NA,9,60,NA,1.05509964830012,0.359475166257264,NA,1.05509964830012,0.359475166257264,19284.4227405248,17088.3805503855,201.34548104956,61.2084551980879,1.05509964830011,0.359475166257278
21,42,869,16800,NA,7,49,NA,0.812064965197216,0.29251984956122,NA,0.812064965197216,0.29251984956122,19441.0247813411,17138.367455464,156.602040816324,49.9869050784364,0.812064965197203,0.292519849561219
22,43,877,16848,NA,8,48,NA,0.920598388952819,0.285714285714286,NA,0.920598388952819,0.285714285714286,19619.998542274,17187.3342196224,178.973760932946,48.9667641584674,0.920598388952826,0.285714285714279
23,44,885,16896,NA,8,48,NA,0.912200684150513,0.284900284900285,NA,0.912200684150513,0.284900284900285,19798.972303207,17236.3009837809,178.973760932946,48.9667641584711,0.91220068415052,0.2849002849003
24,45,892,16946,NA,7,50,NA,0.790960451977401,0.29592803030303,NA,0.790960451977401,0.29592803030303,19955.5743440233,17287.3080297793,156.602040816324,51.0070459984054,0.790960451977389,0.295928030303034
25,46,896,16985,NA,4,39,NA,0.448430493273543,0.230142806562021,NA,0.448430493273543,0.230142806562021,20045.0612244898,17327.0935256581,89.4868804664729,39.7854958787539,0.448430493273546,0.23014280656201
26,47,900,17007,NA,4,22,NA,0.446428571428571,0.129526052399176,NA,0.446428571428571,0.129526052399176,20134.5481049563,17349.5366258974,89.4868804664729,22.4431002392994,0.446428571428575,0.129526052399183
27,48,905,17036,NA,5,29,NA,0.555555555555556,0.170518021990945,NA,0.555555555555556,0.170518021990945,20246.4067055394,17379.1207125764,111.858600583091,29.584086679075,0.55555555555556,0.170518021990946
28,49,908,17079,NA,3,43,NA,0.331491712707182,0.252406668231979,NA,0.331491712707182,0.252406668231979,20313.5218658892,17422.9867721351,67.1151603498547,43.8660595586298,0.331491712707185,0.252406668231989
29,50,911,17123,NA,3,44,NA,0.330396475770925,0.257626324726272,NA,0.330396475770925,0.257626324726272,20380.6370262391,17467.8729726137,67.1151603498547,44.8862004785988,0.330396475770928,0.257626324726287
30,51,913,17161,NA,2,38,NA,0.21953896816685,0.221923728318636,NA,0.21953896816685,0.221923728318636,20425.3804664723,17506.6383275725,44.7434402332365,38.7653549587885,0.219538968166851,0.221923728318641
31,52,916,17192,NA,3,31,NA,0.328587075575027,0.180642153720646,NA,0.328587075575027,0.180642153720646,20492.4956268222,17538.2626960915,67.1151603498547,31.6243685190093,0.32858707557503,0.180642153720636
32,53,918,17217,NA,2,25,NA,0.218340611353712,0.145416472778036,NA,0.218340611353712,0.145416472778036,20537.2390670554,17563.7662190907,44.7434402332365,25.5035229992027,0.218340611353713,0.145416472778038
33,54,921,17231,NA,3,14,NA,0.326797385620915,0.0813149793808445,NA,0.326797385620915,0.0813149793808445,20604.3542274052,17578.0481919702,67.1151603498547,14.2819728795512,0.326797385620917,0.0813149793808323
34,55,923,17255,NA,2,24,NA,0.217155266015201,0.139283848877024,NA,0.217155266015201,0.139283848877024,20649.0976676385,17602.5315740495,44.7434402332365,24.4833820792337,0.217155266015202,0.139283848877021
35,56,925,17279,NA,2,24,NA,0.216684723726977,0.139090118806143,NA,0.216684723726977,0.139090118806143,20693.8411078717,17627.0149561287,44.7434402332365,24.4833820792373,0.216684723726979,0.139090118806161
36,57,927,17292,NA,2,13,NA,0.216216216216216,0.0752358354071416,NA,0.216216216216216,0.0752358354071416,20738.584548105,17640.2767880883,44.7434402332365,13.2618319595858,0.216216216216218,0.0752358354071451
37,58,928,17330,NA,1,38,NA,0.107874865156419,0.219754799907472,NA,0.107874865156419,0.219754799907472,20760.9562682216,17679.0421430471,22.3717201166182,38.7653549587885,0.107874865156419,0.219754799907477
38,59,929,17350,NA,1,20,NA,0.107758620689655,0.115406809001731,NA,0.107758620689655,0.115406809001731,20783.3279883382,17699.4449614464,22.3717201166182,20.4028183993614,0.107758620689656,0.115406809001728
39,60,930,17365,NA,1,15,NA,0.107642626480086,0.0864553314121038,NA,0.107642626480086,0.0864553314121038,20805.6997084548,17714.747075246,22.3717201166182,15.3021137995202,0.107642626480087,0.0864553314120967
40,61,931,17385,NA,1,20,NA,0.10752688172043,0.115174200978981,NA,0.10752688172043,0.115174200978981,20828.0714285714,17735.1498936453,22.3717201166146,20.4028183993614,0.107526881720413,0.115174200978978
41,62,932,17406,NA,1,21,NA,0.107411385606874,0.120793787748059,NA,0.107411385606874,0.120793787748059,20850.443148688,17756.5728529646,22.3717201166182,21.4229593193304,0.107411385606875,0.120793787748061
42,63,933,17421,NA,1,15,NA,0.107296137339056,0.0861771802826612,NA,0.107296137339056,0.0861771802826612,20872.8148688047,17771.8749667642,22.3717201166182,15.3021137995202,0.107296137339057,0.0861771802826541
43,64,934,17449,NA,1,28,NA,0.107181136120043,0.160725561104414,NA,0.107181136120043,0.160725561104414,20895.1865889213,17800.4389125233,22.3717201166182,28.5639457591096,0.107181136120044,0.160725561104431
44,65,935,17461,NA,1,12,NA,0.107066381156317,0.0687718493896498,NA,0.107066381156317,0.0687718493896498,20917.5583090379,17812.6806035629,22.3717201166182,12.2416910396169,0.107066381156318,0.0687718493896483
45,66,936,17487,NA,1,26,NA,0.106951871657754,0.148903270144894,NA,0.106951871657754,0.148903270144894,20939.9300291545,17839.2042674821,22.3717201166146,26.5236639191717,0.106951871657737,0.148903270144901
46,67,937,17512,NA,1,25,NA,0.106837606837607,0.142963344198548,NA,0.106837606837607,0.142963344198548,20962.3017492711,17864.7077904813,22.3717201166182,25.5035229992027,0.106837606837608,0.142963344198549
47,68,938,17534,NA,1,22,NA,0.106723585912487,0.125628140703518,NA,0.106723585912487,0.125628140703518,20984.6734693877,17887.1508907206,22.3717201166182,22.4431002392994,0.106723585912487,0.125628140703525
48,69,938,17549,NA,0,15,NA,0,0.0855480780198472,NA,0,0.0855480780198472,20984.6734693877,17902.4530045201,0,15.3021137995202,0,0.0855480780198401
49,70,939,17574,NA,1,25,NA,0.106609808102345,0.142458259729899,NA,0.106609808102345,0.142458259729899,21007.0451895044,17927.9565275193,22.3717201166182,25.5035229992027,0.106609808102346,0.142458259729901
50,71,939,17598,NA,0,24,NA,0,0.136565380675999,NA,0,0.136565380675999,21007.0451895044,17952.4399095985,0,24.4833820792337,0,0.136565380675996
51,72,941,17587,NA,2,-11,NA,0.212992545260916,-0.0625071030798954,NA,0.212992545260916,-0.0625071030798954,21051.7886297376,17941.2183594789,44.7434402332365,-11.2215501196515,0.212992545260917,-0.0625071030799092
52,73,941,17607,NA,0,20,NA,0,0.11372036163075,NA,0,0.11372036163075,21051.7886297376,17961.6211778782,0,20.4028183993614,0,0.113720361630747
53,74,941,17623,NA,0,16,NA,0,0.0908729482592151,NA,0,0.0908729482592151,21051.7886297376,17977.9434325977,0,16.3222547194928,0,0.0908729482592333
54,75,942,17640,NA,1,17,NA,0.106269925611052,0.0964648470748454,NA,0.106269925611052,0.0964648470748454,21074.1603498542,17995.2858282372,22.3717201166182,17.3423956394581,0.106269925611053,0.0964648470748483
55,76,942,17648,NA,0,8,NA,0,0.0453514739229025,NA,0,0.0453514739229025,21074.1603498542,18003.4469555969,0,8.16112735974457,0,0.0453514739229015
56,77,943,17691,NA,1,43,NA,0.106157112526539,0.24365367180417,NA,0.106157112526539,0.24365367180417,21096.5320699708,18047.3130151556,22.3717201166219,43.8660595586261,0.106157112526557,0.24365367180416
57,78,945,17712,NA,2,21,NA,0.212089077412513,0.118704425979312,NA,0.212089077412513,0.118704425979312,21141.2755102041,18068.7359744749,44.7434402332328,21.4229593193304,0.212089077412498,0.118704425979314
58,79,948,17731,NA,3,19,NA,0.317460317460317,0.107271906052394,NA,0.317460317460317,0.107271906052394,21208.3906705539,18088.1186519543,67.1151603498547,19.3826774793961,0.31746031746032,0.107271906052407
59,80,951,17744,NA,3,13,NA,0.316455696202532,0.0733179177711353,NA,0.316455696202532,0.0733179177711353,21275.5058309038,18101.3804839139,67.1151603498547,13.2618319595858,0.316455696202534,0.0733179177711387
60,81,953,17757,NA,2,13,NA,0.210304942166141,0.0732642019837692,NA,0.210304942166141,0.0732642019837692,21320.249271137,18114.6423158735,44.7434402332365,13.2618319595858,0.210304942166142,0.0732642019837725
61,82,955,17766,NA,2,9,NA,0.209863588667366,0.0506842372022301,NA,0.209863588667366,0.0506842372022301,21364.9927113703,18123.8235841532,44.7434402332365,9.18126827971355,0.209863588667368,0.050684237202234
62,83,958,NA,NA,3,NA,NA,0.31413612565445,NA,NA,0.31413612565445,NA,21432.1078717201,NA,67.1151603498547,NA,0.314136125654453,NA
63,84,960,NA,NA,2,NA,NA,0.208768267223382,NA,NA,0.208768267223382,NA,21476.8513119533,NA,44.7434402332365,NA,0.208768267223384,NA
64,85,962,NA,NA,2,NA,NA,0.208333333333333,NA,NA,0.208333333333333,NA,21521.5947521866,NA,44.7434402332401,NA,0.208333333333352,NA
65,86,963,NA,NA,1,NA,NA,0.103950103950104,NA,NA,0.103950103950104,NA,21543.9664723032,NA,22.3717201166182,NA,0.103950103950105,NA
66,87,964,NA,NA,1,NA,NA,0.103842159916926,NA,NA,0.103842159916926,NA,21566.3381924198,NA,22.3717201166182,NA,0.103842159916927,NA
67,88,965,NA,NA,1,NA,NA,0.103734439834025,NA,NA,0.103734439834025,NA,21588.7099125364,NA,22.3717201166182,NA,0.103734439834026,NA
68,89,968,NA,NA,3,NA,NA,0.310880829015544,NA,NA,0.310880829015544,NA,21655.8250728863,NA,67.1151603498511,NA,0.310880829015529,NA
69,90,969,NA,NA,1,NA,NA,0.103305785123967,NA,NA,0.103305785123967,NA,21678.1967930029,NA,22.3717201166182,NA,0.103305785123968,NA
70,91,971,NA,NA,2,NA,NA,0.206398348813209,NA,NA,0.206398348813209,NA,21722.9402332361,NA,44.7434402332365,NA,0.206398348813211,NA
71,92,973,NA,NA,2,NA,NA,0.205973223480947,NA,NA,0.205973223480947,NA,21767.6836734694,NA,44.7434402332365,NA,0.205973223480949,NA
72,93,975,NA,NA,2,NA,NA,0.205549845837616,NA,NA,0.205549845837616,NA,21812.4271137026,NA,44.7434402332328,NA,0.2055498458376,NA
73,94,977,NA,NA,2,NA,NA,0.205128205128205,NA,NA,0.205128205128205,NA,21857.1705539359,NA,44.7434402332365,NA,0.205128205128207,NA
74,95,978,NA,NA,1,NA,NA,0.102354145342886,NA,NA,0.102354145342886,NA,21879.5422740525,NA,22.3717201166146,NA,0.10235414534287,NA
75,96,982,NA,NA,4,NA,NA,0.408997955010225,NA,NA,0.408997955010225,NA,21969.0291545189,NA,89.4868804664693,NA,0.408997955010211,NA
76,97,989,NA,NA,7,NA,NA,0.712830957230143,NA,NA,0.712830957230143,NA,22125.6311953353,NA,156.602040816324,NA,0.712830957230131,NA
77,98,994,NA,NA,5,NA,NA,0.505561172901921,NA,NA,0.505561172901921,NA,22237.4897959184,NA,111.858600583091,NA,0.505561172901925,NA
78,99,997,NA,NA,3,NA,NA,0.301810865191147,NA,NA,0.301810865191147,NA,22304.6049562682,NA,67.1151603498547,NA,0.301810865191149,NA
79,100,999,NA,NA,2,NA,NA,0.200601805416249,NA,NA,0.200601805416249,NA,22349.3483965014,NA,44.7434402332365,NA,0.20060180541625,NA
80,101,1002,NA,NA,3,NA,NA,0.3003003003003,NA,NA,0.3003003003003,NA,22416.4635568513,NA,67.1151603498547,NA,0.300300300300303,NA
81,102,1006,NA,NA,4,NA,NA,0.399201596806387,NA,NA,0.399201596806387,NA,22505.9504373178,NA,89.4868804664729,NA,0.39920159680639,NA
82,103,1010,NA,NA,4,NA,NA,0.397614314115308,NA,NA,0.397614314115308,NA,22595.4373177842,NA,89.4868804664729,NA,0.397614314115311,NA
83,104,1013,NA,NA,3,NA,NA,0.297029702970297,NA,NA,0.297029702970297,NA,22662.5524781341,NA,67.1151603498547,NA,0.297029702970299,NA
84,105,1017,NA,NA,4,NA,NA,0.394866732477789,NA,NA,0.394866732477789,NA,22752.0393586006,NA,89.4868804664729,NA,0.394866732477792,NA
85,106,1021,NA,NA,4,NA,NA,0.393313667649951,NA,NA,0.393313667649951,NA,22841.526239067,NA,89.4868804664693,NA,0.393313667649938,NA
86,107,1026,NA,NA,5,NA,NA,0.489715964740451,NA,NA,0.489715964740451,NA,22953.3848396501,NA,111.858600583091,NA,0.489715964740454,NA
87,108,1029,NA,NA,3,NA,NA,0.292397660818713,NA,NA,0.292397660818713,NA,23020.5,NA,67.1151603498547,NA,0.292397660818716,NA
88,109,1033,NA,NA,4,NA,NA,0.388726919339164,NA,NA,0.388726919339164,NA,23109.9868804665,NA,89.4868804664693,NA,0.388726919339151,NA
89,110,1037,NA,NA,4,NA,NA,0.387221684414327,NA,NA,0.387221684414327,NA,23199.4737609329,NA,89.4868804664693,NA,0.387221684414314,NA
90,111,1041,NA,NA,4,NA,NA,0.38572806171649,NA,NA,0.38572806171649,NA,23288.9606413994,NA,89.4868804664693,NA,0.385728061716477,NA
91,112,1046,NA,NA,5,NA,NA,0.48030739673391,NA,NA,0.48030739673391,NA,23400.8192419825,NA,111.858600583088,NA,0.480307396733898,NA
92,113,1050,NA,NA,4,NA,NA,0.382409177820268,NA,NA,0.382409177820268,NA,23490.306122449,NA,89.4868804664729,NA,0.382409177820271,NA
93,114,1053,NA,NA,3,NA,NA,0.285714285714286,NA,NA,0.285714285714286,NA,23557.4212827988,NA,67.1151603498547,NA,0.285714285714288,NA
94,115,1056,NA,NA,3,NA,NA,0.284900284900285,NA,NA,0.284900284900285,NA,23624.5364431487,NA,67.1151603498547,NA,0.284900284900287,NA
95,116,1059,NA,NA,3,NA,NA,0.284090909090909,NA,NA,0.284090909090909,NA,23691.6516034985,NA,67.1151603498547,NA,0.284090909090911,NA
96,117,1063,NA,NA,4,NA,NA,0.377714825306893,NA,NA,0.377714825306893,NA,23781.138483965,NA,89.4868804664693,NA,0.377714825306881,NA
97,118,1068,NA,NA,5,NA,NA,0.470366886171214,NA,NA,0.470366886171214,NA,23892.9970845481,NA,111.858600583091,NA,0.470366886171217,NA
98,119,1072,NA,NA,4,NA,NA,0.374531835205993,NA,NA,0.374531835205993,NA,23982.4839650146,NA,89.4868804664729,NA,0.374531835205996,NA
99,120,1078,NA,NA,6,NA,NA,0.559701492537313,NA,NA,0.559701492537313,NA,24116.7142857143,NA,134.230320699709,NA,0.559701492537318,NA
100,121,1082,NA,NA,4,NA,NA,0.371057513914657,NA,NA,0.371057513914657,NA,24206.2011661807,NA,89.4868804664729,NA,0.37105751391466,NA
101,122,1084,NA,NA,2,NA,NA,0.184842883548983,NA,NA,0.184842883548983,NA,24250.944606414,NA,44.7434402332365,NA,0.184842883548985,NA
102,123,1088,NA,NA,4,NA,NA,0.3690036900369,NA,NA,0.3690036900369,NA,24340.4314868804,NA,89.4868804664693,NA,0.369003690036888,NA
103,124,1092,NA,NA,4,NA,NA,0.367647058823529,NA,NA,0.367647058823529,NA,24429.9183673469,NA,89.4868804664729,NA,0.367647058823532,NA
104,125,1095,NA,NA,3,NA,NA,0.274725274725275,NA,NA,0.274725274725275,NA,24497.0335276968,NA,67.1151603498547,NA,0.274725274725277,NA
105,126,1098,NA,NA,3,NA,NA,0.273972602739726,NA,NA,0.273972602739726,NA,24564.1486880466,NA,67.1151603498583,NA,0.273972602739743,NA
106,127,1103,NA,NA,5,NA,NA,0.455373406193078,NA,NA,0.455373406193078,NA,24676.0072886297,NA,111.858600583091,NA,0.455373406193082,NA
107,128,1108,NA,NA,5,NA,NA,0.453309156844968,NA,NA,0.453309156844968,NA,24787.8658892128,NA,111.858600583088,NA,0.453309156844957,NA
108,129,1112,NA,NA,4,NA,NA,0.36101083032491,NA,NA,0.36101083032491,NA,24877.3527696793,NA,89.4868804664729,NA,0.361010830324913,NA
109,130,1115,NA,NA,3,NA,NA,0.26978417266187,NA,NA,0.26978417266187,NA,24944.4679300291,NA,67.1151603498547,NA,0.269784172661873,NA
