"daysFromToday","Day","Korea","Italy","X","dif.Korea","dif.Italy","dif.X","growth.Korea","growth.Italy","growth.X","prj.grKO.X","prj.grIT.X","grKO.prj.tot.X","grIT.prj.tot.X","dif.grKO.prj.tot.X","dif.grIT.prj.tot.X","growth.grKO.prj.tot.X","growth.grIT.prj.tot.X"
-144,NA,NA,NA,116,NA,NA,NA,NA,NA,NA,NA,NA,NA,NA,NA,NA,NA,NA
-143,NA,NA,NA,141,NA,NA,25,NA,NA,21.551724137931,NA,NA,NA,NA,NA,NA,NA,NA
-142,NA,NA,NA,186,NA,NA,45,NA,NA,31.9148936170213,NA,NA,NA,NA,NA,NA,NA,NA
-141,NA,NA,NA,314,NA,NA,128,NA,NA,68.8172043010753,NA,NA,NA,NA,NA,NA,NA,NA
-140,NA,NA,NA,390,NA,NA,76,NA,NA,24.203821656051,NA,NA,NA,NA,NA,NA,NA,NA
-139,NA,NA,NA,520,NA,NA,130,NA,NA,33.3333333333333,NA,NA,NA,NA,NA,NA,NA,NA
-138,NA,NA,NA,658,NA,NA,138,NA,NA,26.5384615384615,NA,NA,NA,NA,NA,NA,NA,NA
-137,NA,NA,NA,830,NA,NA,172,NA,NA,26.1398176291793,NA,NA,NA,NA,NA,NA,NA,NA
-136,NA,NA,NA,1171,NA,NA,341,NA,NA,41.0843373493976,NA,NA,NA,NA,NA,NA,NA,NA
-135,NA,NA,NA,1412,NA,NA,241,NA,NA,20.5807002561913,NA,NA,NA,NA,NA,NA,NA,NA
-134,NA,NA,NA,1682,NA,NA,270,NA,NA,19.1218130311615,NA,NA,NA,NA,NA,NA,NA,NA
-133,NA,NA,NA,2355,NA,NA,673,NA,NA,40.0118906064209,NA,NA,NA,NA,NA,NA,NA,NA
-132,NA,NA,NA,2765,NA,NA,410,NA,NA,17.4097664543524,NA,NA,NA,NA,NA,NA,NA,NA
-131,NA,NA,NA,3763,NA,NA,998,NA,NA,36.0940325497288,NA,NA,NA,NA,NA,NA,NA,NA
-130,NA,NA,NA,4246,NA,NA,483,NA,NA,12.8355035875631,NA,NA,NA,NA,NA,NA,NA,NA
-129,NA,NA,NA,5473,NA,NA,1227,NA,NA,28.8977861516722,NA,NA,NA,NA,NA,NA,NA,NA
-128,NA,NA,NA,6338,NA,NA,865,NA,NA,15.8048602229125,NA,NA,NA,NA,NA,NA,NA,NA
-127,NA,NA,NA,6955,NA,NA,617,NA,NA,9.73493215525402,NA,NA,NA,NA,NA,NA,NA,NA
-126,NA,NA,NA,8010,NA,NA,1055,NA,NA,15.1689432063264,NA,NA,NA,NA,NA,NA,NA,NA
-125,NA,NA,NA,9585,NA,NA,1575,NA,NA,19.6629213483146,NA,NA,NA,NA,NA,NA,NA,NA
-124,NA,NA,NA,11111,NA,NA,1526,NA,NA,15.9207094418362,NA,NA,NA,NA,NA,NA,NA,NA
-123,NA,NA,NA,12151,NA,NA,1040,NA,NA,9.36009360093601,NA,NA,NA,NA,NA,NA,NA,NA
-122,NA,NA,NA,13324,NA,NA,1173,NA,NA,9.65352645872768,NA,NA,NA,NA,NA,NA,NA,NA
-121,NA,NA,NA,14747,NA,NA,1423,NA,NA,10.6799759831882,NA,NA,NA,NA,NA,NA,NA,NA
-120,NA,NA,NA,15455,NA,NA,708,NA,NA,4.80097646979047,NA,NA,NA,NA,NA,NA,NA,NA
-119,NA,NA,NA,16364,NA,NA,909,NA,NA,5.88159171789065,NA,NA,NA,NA,NA,NA,NA,NA
-118,NA,NA,NA,17531,NA,NA,1167,NA,NA,7.13150818870692,NA,NA,NA,NA,NA,NA,NA,NA
-117,NA,NA,NA,18494,NA,NA,963,NA,NA,5.49312646169642,NA,NA,NA,NA,NA,NA,NA,NA
-116,NA,NA,NA,19355,NA,NA,861,NA,NA,4.6555639666919,NA,NA,NA,NA,NA,NA,NA,NA
-115,NA,NA,NA,20601,NA,NA,1246,NA,NA,6.4376130198915,NA,NA,NA,NA,NA,NA,NA,NA
-114,NA,NA,NA,21367,NA,NA,766,NA,NA,3.7182661035872,NA,NA,NA,NA,NA,NA,NA,NA
-113,NA,NA,NA,22511,NA,NA,1144,NA,NA,5.35405063883559,NA,NA,NA,NA,NA,NA,NA,NA
-112,NA,NA,NA,22897,NA,NA,386,NA,NA,1.71471724934476,NA,NA,NA,NA,NA,NA,NA,NA
-111,NA,NA,NA,24119,NA,NA,1222,NA,NA,5.33694370441543,NA,NA,NA,NA,NA,NA,NA,NA
-110,NA,NA,NA,25269,NA,NA,1150,NA,NA,4.76802520834197,NA,NA,NA,NA,NA,NA,NA,NA
-109,NA,NA,NA,25996,NA,NA,727,NA,NA,2.87704301713562,NA,NA,NA,NA,NA,NA,NA,NA
-108,NA,NA,NA,26660,NA,NA,664,NA,NA,2.5542391137098,NA,NA,NA,NA,NA,NA,NA,NA
-107,NA,NA,NA,27495,NA,NA,835,NA,NA,3.13203300825206,NA,NA,NA,NA,NA,NA,NA,NA
-106,NA,NA,NA,28309,NA,NA,814,NA,NA,2.96053827968722,NA,NA,NA,NA,NA,NA,NA,NA
-105,NA,NA,NA,28832,NA,NA,523,NA,NA,1.84746900279063,NA,NA,NA,NA,NA,NA,NA,NA
-104,NA,NA,NA,30174,NA,NA,1342,NA,NA,4.65455049944506,NA,NA,NA,NA,NA,NA,NA,NA
-103,NA,NA,NA,30839,NA,NA,665,NA,NA,2.20388413866242,NA,NA,NA,NA,NA,NA,NA,NA
-102,NA,NA,NA,31528,NA,NA,689,NA,NA,2.23418398780765,NA,NA,NA,NA,NA,NA,NA,NA
-101,NA,NA,NA,32138,NA,NA,610,NA,NA,1.93478812484141,NA,NA,NA,NA,NA,NA,NA,NA
-100,NA,NA,NA,32846,NA,NA,708,NA,NA,2.20299956437862,NA,NA,NA,NA,NA,NA,NA,NA
-99,NA,NA,NA,33193,NA,NA,347,NA,NA,1.05644522925166,NA,NA,NA,NA,NA,NA,NA,NA
-98,NA,NA,NA,33690,NA,NA,497,NA,NA,1.49730364835959,NA,NA,NA,NA,NA,NA,NA,NA
-97,NA,NA,NA,34728,NA,NA,1038,NA,NA,3.08103294746215,NA,NA,NA,NA,NA,NA,NA,NA
-96,NA,NA,NA,35463,NA,NA,735,NA,NA,2.11644782308224,NA,NA,NA,NA,NA,NA,NA,NA
-95,NA,NA,NA,36078,NA,NA,615,NA,NA,1.73420184417562,NA,NA,NA,NA,NA,NA,NA,NA
-94,NA,NA,NA,36897,NA,NA,819,NA,NA,2.27008149010477,NA,NA,NA,NA,NA,NA,NA,NA
-93,NA,NA,NA,37439,NA,NA,542,NA,NA,1.46895411551075,NA,NA,NA,NA,NA,NA,NA,NA
-92,NA,NA,NA,38002,NA,NA,563,NA,NA,1.50377948128956,NA,NA,NA,NA,NA,NA,NA,NA
-91,NA,NA,NA,38828,NA,NA,826,NA,NA,2.17356981211515,NA,NA,NA,NA,NA,NA,NA,NA
-90,NA,NA,NA,39199,NA,NA,371,NA,NA,0.955496033790048,NA,NA,NA,NA,NA,NA,NA,NA
-89,NA,NA,NA,40001,NA,NA,802,NA,NA,2.04597056047348,NA,NA,NA,NA,NA,NA,NA,NA
-88,NA,NA,NA,40596,NA,NA,595,NA,NA,1.48746281342966,NA,NA,NA,NA,NA,NA,NA,NA
-87,NA,NA,NA,40982,NA,NA,386,NA,NA,0.95083259434427,NA,NA,NA,NA,NA,NA,NA,NA
-86,NA,NA,NA,41923,NA,NA,941,NA,NA,2.29613000829633,NA,NA,NA,NA,NA,NA,NA,NA
-85,NA,NA,NA,42402,NA,NA,479,NA,NA,1.14257090379982,NA,NA,NA,NA,NA,NA,NA,NA
-84,NA,NA,NA,43210,NA,NA,808,NA,NA,1.90557049195793,NA,NA,NA,NA,NA,NA,NA,NA
-83,NA,NA,NA,43210,NA,NA,0,NA,NA,0,NA,NA,NA,NA,NA,NA,NA,NA
-82,NA,NA,NA,44811,NA,NA,1601,NA,NA,3.70516084239759,NA,NA,NA,NA,NA,NA,NA,NA
-81,NA,NA,NA,45588,NA,NA,777,NA,NA,1.7339492535315,NA,NA,NA,NA,NA,NA,NA,NA
-80,NA,NA,NA,46442,NA,NA,854,NA,NA,1.87329999122576,NA,NA,NA,NA,NA,NA,NA,NA
-79,NA,NA,NA,46944,NA,NA,502,NA,NA,1.08091813444727,NA,NA,NA,NA,NA,NA,NA,NA
-78,NA,NA,NA,47471,NA,NA,527,NA,NA,1.12261417859577,NA,NA,NA,NA,NA,NA,NA,NA
-77,NA,NA,NA,48675,NA,NA,1204,NA,NA,2.536285311032,NA,NA,NA,NA,NA,NA,NA,NA
-76,NA,NA,NA,49451,NA,NA,776,NA,NA,1.59424756034926,NA,NA,NA,NA,NA,NA,NA,NA
-75,NA,NA,NA,50127,NA,NA,676,NA,NA,1.36700976724434,NA,NA,NA,NA,NA,NA,NA,NA
-74,NA,NA,NA,50867,NA,NA,740,NA,NA,1.47625032417659,NA,NA,NA,NA,NA,NA,NA,NA
-73,NA,NA,NA,51746,NA,NA,879,NA,NA,1.72803585821849,NA,NA,NA,NA,NA,NA,NA,NA
-72,NA,NA,NA,52255,NA,NA,509,NA,NA,0.983650910215282,NA,NA,NA,NA,NA,NA,NA,NA
-71,NA,NA,NA,52634,NA,NA,379,NA,NA,0.72528944598603,NA,NA,NA,NA,NA,NA,NA,NA
-70,NA,NA,NA,53285,NA,NA,651,NA,NA,1.23684310521716,NA,NA,NA,NA,NA,NA,NA,NA
-69,NA,NA,NA,54497,NA,NA,1212,NA,NA,2.27456132119733,NA,NA,NA,NA,NA,NA,NA,NA
-68,NA,NA,NA,55424,NA,NA,927,NA,NA,1.70101106482926,NA,NA,NA,NA,NA,NA,NA,NA
-67,NA,NA,NA,56163,NA,NA,739,NA,NA,1.33335739030023,NA,NA,NA,NA,NA,NA,NA,NA
-66,NA,NA,NA,56830,NA,NA,667,NA,NA,1.18761462172605,NA,NA,NA,NA,NA,NA,NA,NA
-65,NA,NA,55,57447,NA,NA,617,NA,NA,1.08569417561147,NA,NA,NA,NA,NA,NA,NA,NA
-64,NA,NA,81,58764,NA,26,1317,NA,47.2727272727273,2.29254791372918,NA,NA,NA,NA,NA,NA,NA,NA
-63,NA,NA,114,60183,NA,33,1419,NA,40.7407407407407,2.41474372064529,NA,NA,NA,NA,NA,NA,NA,NA
-62,NA,NA,161,61488,NA,47,1305,NA,41.2280701754386,2.16838642141469,NA,NA,NA,NA,NA,NA,NA,NA
-61,NA,NA,233,62758,NA,72,1270,NA,44.7204968944099,2.06544366380432,NA,NA,NA,NA,NA,NA,NA,NA
-60,NA,NA,315,63938,NA,82,1180,NA,35.1931330472103,1.88023837598394,NA,NA,NA,NA,NA,NA,NA,NA
-59,NA,NA,401,64904,NA,86,966,NA,27.3015873015873,1.51083862491789,NA,NA,NA,NA,NA,NA,NA,NA
-58,NA,NA,602,66000,NA,201,1096,NA,50.1246882793017,1.68864784913102,NA,NA,NA,NA,NA,NA,NA,NA
-57,NA,NA,723,67371,NA,121,1371,NA,20.0996677740864,2.07727272727273,NA,NA,NA,NA,NA,NA,NA,NA
-56,NA,NA,889,69069,NA,166,1698,NA,22.9598893499308,2.52037226699915,NA,NA,NA,NA,NA,NA,NA,NA
-55,NA,NA,1097,70971,NA,208,1902,NA,23.3970753655793,2.75376797115928,NA,NA,NA,NA,NA,NA,NA,NA
-54,NA,NA,1370,73552,NA,273,2581,NA,24.8860528714676,3.63669667892519,NA,NA,NA,NA,NA,NA,NA,NA
-53,NA,NA,1647,75568,NA,277,2016,NA,20.2189781021898,2.74091798999347,NA,NA,NA,NA,NA,NA,NA,NA
-52,NA,NA,2090,77326,NA,443,1758,NA,26.8973891924712,2.32638153715859,NA,NA,NA,NA,NA,NA,NA,NA
-51,NA,NA,2620,80109,NA,530,2783,NA,25.3588516746411,3.59904818560381,NA,NA,NA,NA,NA,NA,NA,NA
-50,NA,NA,3258,82719,NA,638,2610,NA,24.3511450381679,3.2580608920346,NA,NA,NA,NA,NA,NA,NA,NA
-49,NA,NA,3605,85926,NA,347,3207,NA,10.6507059545734,3.87698110470388,NA,NA,NA,NA,NA,NA,NA,NA
-48,NA,NA,4427,89748,NA,822,3822,NA,22.8016643550624,4.44801340688499,NA,NA,NA,NA,NA,NA,NA,NA
-47,NA,NA,5369,93797,NA,942,4049,NA,21.2785181838717,4.51152114810358,NA,NA,NA,NA,NA,NA,NA,NA
-46,NA,NA,6273,97291,NA,904,3494,NA,16.8373998882473,3.72506583366206,NA,NA,NA,NA,NA,NA,NA,NA
-45,NA,NA,7516,100217,NA,1243,2926,NA,19.8150805037462,3.00747242807659,NA,NA,NA,NA,NA,NA,NA,NA
-44,NA,NA,8791,103503,NA,1275,3286,NA,16.96381053752,3.27888481994073,NA,NA,NA,NA,NA,NA,NA,NA
-43,NA,NA,9939,109014,NA,1148,5511,NA,13.058810146741,5.32448334830874,NA,NA,NA,NA,NA,NA,NA,NA
-42,NA,NA,11192,114018,NA,1253,5004,NA,12.6069021028272,4.59023611646211,NA,NA,NA,NA,NA,NA,NA,NA
-41,NA,NA,12686,122960,NA,1494,8942,NA,13.348820586133,7.8426213404901,NA,NA,NA,NA,NA,NA,NA,NA
-40,NA,NA,14577,132545,NA,1891,9585,NA,14.9061958064008,7.79521795705921,NA,NA,NA,NA,NA,NA,NA,NA
-39,NA,NA,16703,141075,NA,2126,8530,NA,14.584619606229,6.43555019050134,NA,NA,NA,NA,NA,NA,NA,NA
-38,NA,NA,19032,146341,NA,2329,5266,NA,13.9436029455786,3.73276625908205,NA,NA,NA,NA,NA,NA,NA,NA
-37,0,44,21007,152434,NA,1975,6093,NA,10.3772593526692,4.16356318461675,NA,NA,NA,NA,NA,NA,NA,NA
-36,1,85,22709,158997,41,1702,6563,93.1818181818182,8.10206121768934,4.30546990828818,NA,NA,NA,NA,NA,NA,NA,NA
-35,2,181,24573,169106,96,1864,10109,112.941176470588,8.20819939231142,6.35798159713705,NA,NA,NA,NA,NA,NA,NA,NA
-34,3,252,26424,178594,71,1851,9488,39.2265193370166,7.53265779514101,5.61068205740778,NA,NA,NA,NA,NA,NA,NA,NA
-33,4,349,28627,190052,97,2203,11458,38.4920634920635,8.33711777172268,6.41566905943089,NA,NA,NA,NA,NA,NA,NA,NA
-32,5,409,30727,200111,60,2100,10059,17.1919770773639,7.33573200125755,5.29276198093153,NA,NA,NA,NA,NA,NA,NA,NA
-31,6,528,32849,206447,119,2122,6336,29.0953545232274,6.90597845543008,3.16624273528192,NA,NA,NA,NA,NA,NA,NA,NA
-30,7,740,34702,213794,212,1853,7347,40.1515151515151,5.64096319522664,3.55878264154965,NA,NA,NA,NA,NA,NA,NA,NA
-29,8,979,36141,223783,239,1439,9989,32.2972972972973,4.14673505849807,4.67225460022264,NA,NA,NA,NA,NA,NA,NA,NA
-28,9,1320,37580,232718,341,1439,8935,34.8314606741573,3.98162751445726,3.99270722083447,NA,NA,NA,NA,NA,NA,NA,NA
-27,10,1565,39279,244151,245,1699,11433,18.5606060606061,4.52102182011708,4.91281293239027,NA,NA,NA,NA,NA,NA,NA,NA
-26,11,1816,40937,254511,251,1658,10360,16.038338658147,4.22108505817358,4.2432756777568,NA,NA,NA,NA,NA,NA,NA,NA
-25,12,2173,42566,269811,357,1629,15300,19.65859030837,3.97928524317854,6.01152798896708,NA,NA,NA,NA,NA,NA,NA,NA
-24,13,2355,44273,282435,182,1707,12624,8.37551771744132,4.01024291688202,4.67883073707151,NA,NA,NA,NA,NA,NA,NA,NA
-23,14,2550,45806,291629,195,1533,9194,8.28025477707006,3.46260700652768,3.25526227273532,NA,NA,NA,NA,NA,NA,NA,NA
-22,15,2762,47084,301810,212,1278,10181,8.31372549019608,2.79002750731345,3.49107941939931,NA,NA,NA,NA,NA,NA,NA,NA
-21,16,2950,48164,315775,188,1080,13965,6.80666183924692,2.29377283153513,4.62708326430536,NA,NA,NA,NA,NA,NA,NA,NA
-20,17,3064,49527,327241,114,1363,11466,3.86440677966102,2.82991445893198,3.63106642387776,NA,NA,NA,NA,NA,NA,NA,NA
-19,18,3133,51020,337569,69,1493,10328,2.25195822454308,3.01451733397945,3.15608374256282,NA,NA,NA,NA,NA,NA,NA,NA
-18,19,3147,52423,350047,14,1403,12478,0.4468560485158,2.74990199921599,3.69642947071562,NA,NA,NA,NA,NA,NA,NA,NA
-17,20,3249,54091,360394,102,1668,10347,3.24118207816969,3.18180951109246,2.95588878064946,NA,NA,NA,NA,NA,NA,NA,NA
-16,21,3296,55545,369834,47,1454,9440,1.44659895352416,2.6880627091383,2.61935548316565,NA,NA,NA,NA,NA,NA,NA,NA
-15,22,3343,56665,379619,47,1120,9785,1.42597087378641,2.01638311279143,2.64578162094345,NA,NA,NA,NA,NA,NA,NA,NA
-14,23,3387,57720,389868,44,1055,10249,1.31618306909961,1.86181946527839,2.6998121801069,NA,NA,NA,NA,NA,NA,NA,NA
-13,24,3419,58668,402312,32,948,12444,0.94478889873044,1.64241164241164,3.19184954907815,NA,NA,NA,NA,NA,NA,NA,NA
-12,25,3450,60013,414511,31,1345,12199,0.90669786487277,2.29256153269244,3.03222374674382,NA,NA,NA,NA,NA,NA,NA,NA
-11,26,3485,61253,423855,35,1240,9344,1.01449275362319,2.06621898588639,2.25422244524271,NA,NA,NA,NA,NA,NA,NA,NA
-10,27,3524,62493,432747,39,1240,8892,1.11908177905308,2.024390642091,2.09788724917719,NA,NA,NA,NA,NA,NA,NA,NA
-9,28,3588,63576,441977,64,1083,9230,1.8161180476731,1.73299409533868,2.13288595877037,NA,NA,NA,NA,NA,NA,NA,NA
-8,29,3625,64377,451423,37,801,9446,1.03121516164994,1.2599093997735,2.13721528495827,NA,NA,NA,NA,NA,NA,NA,NA
-7,30,3686,65347,461379,61,970,9956,1.68275862068965,1.50674930487597,2.20547025738609,NA,NA,NA,NA,NA,NA,NA,NA
-6,31,3727,66544,470386,41,1197,9007,1.11231687466088,1.83175968292347,1.95219114870855,NA,NA,NA,NA,NA,NA,NA,NA
-5,32,3754,67484,480028,27,940,9642,0.724443251945264,1.41259918249579,2.04980590408728,NA,NA,NA,NA,NA,NA,NA,NA
-4,33,3786,68557,487132,32,1073,7104,0.852424080980288,1.59000652006402,1.47991367170248,NA,NA,NA,NA,NA,NA,NA,NA
-3,34,3828,69394,491884,42,837,4752,1.10935023771791,1.22088189389851,0.975505612441802,NA,NA,NA,NA,NA,NA,NA,NA
-2,35,3871,70220,497330,43,826,5446,1.12330198537095,1.19030463728853,1.10717160956648,NA,NA,NA,NA,NA,NA,NA,NA
-1,36,3909,70837,502739,38,617,5409,0.981658486179282,0.87866704642552,1.08760782578972,NA,NA,NA,NA,NA,NA,NA,NA
0,37,3971,71580,510389,62,743,7650,1.58608339728831,1.04888688114968,1.52166432283949,NA,NA,510389,510389,7650,7650,NA,NA
1,38,4015,72321,NA,44,741,NA,1.10803324099723,1.03520536462699,NA,1.10803324099723,1.03520536462699,516044.279778393,515672.574308466,5655.27977839328,5283.57430846611,1.10803324099722,1.035205364627
2,39,4047,72986,NA,32,665,NA,0.797011207970112,0.919511621797265,NA,0.797011207970112,0.919511621797265,520157.210526316,520414.243559654,4112.93074792245,4741.66925118747,0.797011207970115,0.919511621797263
3,40,4100,73684,NA,53,698,NA,1.3096120583148,0.956347792727372,NA,1.3096120583148,0.956347792727372,526969.252077562,525391.213690975,6812.04155124654,4976.97013132164,1.3096120583148,0.956347792727379
4,41,4142,74359,NA,42,675,NA,1.02439024390244,0.916074045925846,NA,1.02439024390244,0.916074045925846,532367.47368421,530204.186239173,5398.22160664818,4812.97254819784,1.02439024390244,0.916074045925849
5,42,4179,74853,NA,37,494,NA,0.893288266537904,0.664344598501863,NA,0.893288266537904,0.664344598501863,537123.049861496,533726.569111484,4755.57617728529,3522.3828723107,0.893288266537898,0.664344598501862
6,43,4215,75286,NA,36,433,NA,0.861450107681263,0.578467128905989,NA,0.861450107681263,0.578467128905989,541750.096952908,536814.001872031,4627.04709141271,3087.43276054761,0.861450107681257,0.578467128905984
7,44,4255,75668,NA,40,382,NA,0.948991696322657,0.507398453895811,NA,0.948991696322657,0.507398453895811,546891.260387811,539537.787817826,5141.16343490302,2723.78594579489,0.948991696322653,0.507398453895807
8,45,4288,76181,NA,33,513,NA,0.775558166862515,0.677961621821642,NA,0.775558166862515,0.677961621821642,551132.720221607,543195.646954457,4241.45983379509,3657.85913663032,0.775558166862529,0.677961621821637
9,46,4308,76679,NA,20,498,NA,0.466417910447761,0.65370630472165,NA,0.466417910447761,0.65370630472165,553703.301939058,546746.551145571,2570.58171745157,3550.90419111482,0.466417910447769,0.653706304721647
10,47,4328,77150,NA,20,471,NA,0.464252553389044,0.614249012115442,NA,0.464252553389044,0.614249012115442,556273.88365651,550104.936434758,2570.58171745157,3358.38528918696,0.464252553389052,0.614249012115449
11,48,4350,77535,NA,22,385,NA,0.508317929759704,0.499027867790019,NA,0.508317929759704,0.499027867790019,559101.523545706,552850.113369656,2827.63988919661,2745.17693489802,0.508317929759692,0.499027867790019
12,49,4366,77820,NA,16,285,NA,0.367816091954023,0.36757593344941,NA,0.367816091954023,0.36757593344941,561157.988919668,554882.257334451,2056.46537396125,2032.14396479458,0.367816091954029,0.3675759334494
13,50,4378,78084,NA,12,264,NA,0.274851122308749,0.339244410177332,NA,0.274851122308749,0.339244410177332,562700.337950138,556764.664375524,1542.34903047082,1882.40704107296,0.274851122308734,0.339244410177339
14,51,4390,78582,NA,12,498,NA,0.274097761534947,0.637774704164746,NA,0.274097761534947,0.637774704164746,564242.686980609,560315.568566639,1542.34903047094,3550.90419111482,0.274097761534952,0.637774704164743
15,52,4404,78898,NA,14,316,NA,0.318906605922551,0.40212771372579,NA,0.318906605922551,0.40212771372579,566042.094182825,562568.752752165,1799.4072022161,2253.18418552668,0.318906605922557,0.40212771372579
16,53,4414,79250,NA,10,352,NA,0.227066303360581,0.446145656417146,NA,0.227066303360581,0.446145656417146,567327.385041551,565078.628806929,1285.29085872578,2509.87605476391,0.227066303360585,0.446145656417148
17,54,4425,79530,NA,11,280,NA,0.249207068418668,0.353312302839117,NA,0.249207068418668,0.353312302839117,568741.20498615,567075.121123219,1413.81994459836,1996.49231628957,0.249207068418672,0.353312302839135
18,55,4437,79841,NA,12,311,NA,0.271186440677966,0.391047403495536,NA,0.271186440677966,0.391047403495536,570283.554016621,569292.65366024,1542.34903047094,2217.53253702156,0.271186440677971,0.391047403495544
19,56,4446,80081,NA,9,240,NA,0.202839756592292,0.300597437406846,NA,0.202839756592292,0.300597437406846,571440.315789474,571003.932788489,1156.76177285321,1711.2791282481,0.202839756592296,0.300597437406844
20,57,4455,80241,NA,9,160,NA,0.202429149797571,0.199797704823866,NA,0.202429149797571,0.199797704823866,572597.077562327,572144.785540654,1156.76177285321,1140.8527521654,0.202429149797574,0.199797704823865
21,58,4463,80530,NA,8,289,NA,0.179573512906846,0.360165002928677,NA,0.179573512906846,0.360165002928677,573625.310249308,574205.450824253,1028.23268698063,2060.66528359882,0.179573512906849,0.360165002928686
22,59,4466,80766,NA,3,236,NA,0.0672193591754425,0.293058487520179,NA,0.0672193591754425,0.293058487520179,574010.897506925,575888.208633697,385.587257617735,1682.75780944398,0.0672193591754437,0.293058487520179
23,60,4472,80994,NA,6,228,NA,0.134348410210479,0.282297006165961,NA,0.134348410210479,0.282297006165961,574782.072022161,577513.923805532,771.174515235471,1625.71517183562,0.134348410210482,0.282297006165945
24,61,4475,81226,NA,3,232,NA,0.0670840787119857,0.286440970936119,NA,0.0670840787119857,0.286440970936119,575167.659279778,579168.160296172,385.587257617735,1654.23649063974,0.0670840787119868,0.286440970936101
25,62,4480,81463,NA,5,237,NA,0.111731843575419,0.291778494570704,NA,0.111731843575419,0.291778494570704,575810.304709141,580858.048435317,642.645429362892,1689.88813914498,0.111731843575421,0.291778494570699
26,63,4486,81652,NA,6,189,NA,0.133928571428571,0.232007168898764,NA,0.133928571428571,0.232007168898764,576581.479224377,582205.680748813,771.174515235471,1347.6323134955,0.133928571428574,0.232007168898783
27,64,4490,81759,NA,4,107,NA,0.0891662951404369,0.131043942585607,NA,0.0891662951404369,0.131043942585607,577095.595567867,582968.626026823,514.116343490314,762.945278010564,0.0891662951404385,0.131043942585598
28,65,4494,81900,NA,4,141,NA,0.089086859688196,0.17245807800976,NA,0.089086859688196,0.17245807800976,577609.711911357,583974.002514669,514.116343490314,1005.37648784579,0.0890868596881975,0.172458078009764
29,66,4498,82107,NA,4,207,NA,0.0890075656430797,0.252747252747253,NA,0.0890075656430797,0.252747252747253,578123.828254848,585449.980762783,514.116343490314,1475.978248114,0.0890075656430812,0.252747252747253
30,67,4504,82318,NA,6,211,NA,0.133392618941752,0.256981743334917,NA,0.133392618941752,0.256981743334917,578895.002770083,586954.480329701,771.174515235354,1504.49956691824,0.133392618941734,0.256981743334935
31,68,4508,82501,NA,4,183,NA,0.088809946714032,0.222308608080857,NA,0.088809946714032,0.222308608080857,579409.119113573,588259.33066499,514.116343490314,1304.85033528914,0.0888099467140335,0.222308608080849
32,69,4510,82649,NA,2,148,NA,0.0443655723158829,0.179391764948304,NA,0.0443655723158829,0.179391764948304,579666.177285319,589314.619460743,257.058171745157,1055.28879575303,0.0443655723158837,0.179391764948309
33,70,4513,82767,NA,3,118,NA,0.0665188470066519,0.142772447337536,NA,0.0665188470066519,0.142772447337536,580051.764542936,590155.998365465,385.587257617735,841.378904721932,0.066518847006653,0.142772447337526
34,71,4516,82838,NA,3,71,NA,0.0664746288499889,0.0857829811398263,NA,0.0664746288499889,0.0857829811398263,580437.351800554,590662.251774239,385.587257617735,506.253408773453,0.0664746288499901,0.0857829811398352
35,72,4521,82951,NA,5,113,NA,0.110717449069973,0.136410825949444,NA,0.110717449069973,0.136410825949444,581079.997229917,591467.979030456,642.645429362776,805.727256216807,0.110717449069955,0.136410825949441
36,73,4525,83065,NA,4,114,NA,0.08847600088476,0.137430531277501,NA,0.08847600088476,0.137430531277501,581594.113573407,592280.836616374,514.116343490314,812.857585917925,0.0884760008847616,0.137430531277513
37,74,4526,83128,NA,1,63,NA,0.0220994475138122,0.0758442183831939,NA,0.0220994475138122,0.0758442183831939,581722.64265928,592730.047387539,128.529085872578,449.210771165206,0.0220994475138125,0.0758442183832067
38,75,4527,83312,NA,1,184,NA,0.0220945647370747,0.221345395053412,NA,0.0220945647370747,0.221345395053412,581851.171745152,594042.028052529,128.529085872578,1311.98066499014,0.0220945647370751,0.221345395053399
39,76,4529,83408,NA,2,96,NA,0.0441793682350342,0.11522949875168,NA,0.0441793682350342,0.11522949875168,582108.229916897,594726.539703828,257.058171745157,684.511651299312,0.044179368235035,0.115229498751692
40,77,4534,83478,NA,5,70,NA,0.11039964672113,0.0839248033761749,NA,0.11039964672113,0.0839248033761749,582750.87534626,595225.662782901,642.645429362892,499.123079072335,0.110399646721132,0.0839248033761696
41,78,4541,83577,NA,7,99,NA,0.154389060432289,0.118594120606627,NA,0.154389060432289,0.118594120606627,583650.578947368,595931.565423303,899.703601107933,705.902640402317,0.154389060432272,0.118594120606622
42,79,4555,83678,NA,14,101,NA,0.308302136093372,0.12084664441174,NA,0.308302136093372,0.12084664441174,585449.986149584,596651.728723107,1799.40720221598,720.163299804437,0.308302136093357,0.120846644411744
43,80,4570,83750,NA,15,72,NA,0.329308452250274,0.0860441215134205,NA,0.329308452250274,0.0860441215134205,587377.922437673,597165.112461582,1927.93628808868,513.383738474455,0.32930845225028,0.0860441215134239
44,81,4581,83884,NA,11,134,NA,0.240700218818381,0.16,NA,0.240700218818381,0.16,588791.742382271,598120.57664152,1413.81994459836,955.464179938543,0.240700218818385,0.160000000000002
45,82,4592,83942,NA,11,58,NA,0.240122244051517,0.0691431023794764,NA,0.240122244051517,0.0691431023794764,590205.56232687,598534.13576418,1413.81994459836,413.559122660081,0.240122244051521,0.0691431023794965
46,83,4604,84065,NA,12,123,NA,0.261324041811847,0.146529746729885,NA,0.261324041811847,0.146529746729885,591747.911357341,599411.166317408,1542.34903047094,877.030553227174,0.261324041811851,0.146529746729887
47,84,4616,84185,NA,12,120,NA,0.260642919200695,0.142746684113484,NA,0.260642919200695,0.142746684113484,593290.260387812,600266.805881532,1542.34903047094,855.639564124169,0.2606429192007,0.142746684113502
48,85,4624,84292,NA,8,107,NA,0.173310225303293,0.127101027498961,NA,0.173310225303293,0.127101027498961,594318.493074792,601029.751159542,1028.23268698063,762.945278010564,0.173310225303296,0.127101027498952
49,86,4629,84367,NA,5,75,NA,0.108131487889273,0.0889764153181797,NA,0.108131487889273,0.0889764153181797,594961.138504155,601564.52588712,642.645429362776,534.77472757746,0.108131487889256,0.088976415318167
50,87,4635,84483,NA,6,116,NA,0.129617627997408,0.137494517998744,NA,0.129617627997408,0.137494517998744,595732.31301939,602391.64413244,771.174515235471,827.118245319929,0.12961762799741,0.137494517998745
51,88,4641,84601,NA,6,118,NA,0.129449838187702,0.13967307032184,NA,0.129449838187702,0.13967307032184,596503.487534626,603233.023037162,771.174515235471,841.378904721932,0.129449838187705,0.13967307032183
52,89,4654,84548,NA,13,0,NA,0.280112044817927,0,NA,0.280112044817927,0,598174.365650969,603233.023037162,1670.87811634352,0,0.280112044817932,0
53,90,4659,84642,NA,5,94,NA,0.107434464976364,0.111179448360695,NA,0.107434464976364,0.111179448360695,598817.011080332,603903.694184504,642.645429362892,670.671147342306,0.107434464976366,0.111179448360702
54,91,4668,84722,NA,9,80,NA,0.193174500965873,0.0945157250537558,NA,0.193174500965873,0.0945157250537558,599973.772853186,604474.478139689,1156.76177285321,570.783955184859,0.193174500965876,0.0945157250537491
55,92,4677,84800,NA,9,78,NA,0.19280205655527,0.0920658152545974,NA,0.19280205655527,0.0920658152545974,601130.534626039,605030.992495994,1156.76177285321,556.514356305357,0.192802056555273,0.0920658152546106
56,93,4688,84840,NA,11,40,NA,0.235193500106906,0.0471698113207547,NA,0.235193500106906,0.0471698113207547,602544.354570637,605316.384473587,1413.81994459825,285.391977592488,0.235193500106891,0.047169811320761
57,94,4694,85045,NA,6,205,NA,0.127986348122867,0.241631305987742,NA,0.127986348122867,0.241631305987742,603315.529085872,606779.018358748,771.174515235471,1462.63388516125,0.127986348122869,0.241631305987733
58,95,4702,85150,NA,8,105,NA,0.170430336599915,0.123464048444941,NA,0.170430336599915,0.123464048444941,604343.761772853,607528.172299928,1028.23268698063,749.153941180208,0.170430336599918,0.123464048444945
59,96,4719,85241,NA,17,91,NA,0.361548277328796,0.106870229007634,NA,0.361548277328796,0.106870229007634,606528.756232687,608177.439048951,2184.99445983383,649.266749022878,0.361548277328803,0.106870229007642
60,97,4752,85303,NA,33,62,NA,0.699300699300699,0.0727349514904799,NA,0.699300699300699,0.0727349514904799,610770.216066482,608619.796614219,4241.45983379509,442.357565268292,0.699300699300712,0.072734951490479
61,98,4777,85365,NA,25,62,NA,0.526094276094276,0.0726820862103326,NA,0.526094276094276,0.0726820862103326,613983.443213296,609062.154179487,3213.22714681434,442.357565268292,0.526094276094266,0.0726820862103317
62,99,4793,85410,NA,16,45,NA,0.334938245760938,0.0527148128624143,NA,0.334938245760938,0.0527148128624143,616039.908587258,609383.220154279,2056.46537396125,321.065974791534,0.334938245760944,0.0527148128624189
63,100,4804,85460,NA,11,50,NA,0.229501356144377,0.0585411544315654,NA,0.229501356144377,0.0585411544315654,617453.728531856,609739.960126269,1413.81994459825,356.739971990464,0.229501356144362,0.0585411544315493
64,101,4819,85525,NA,15,65,NA,0.312239800166528,0.0760589749590452,NA,0.312239800166528,0.0760589749590452,619381.664819945,610203.722089857,1927.93628808868,463.76196358772,0.312239800166533,0.0760589749590433
65,102,4835,85596,NA,16,71,NA,0.332019091097738,0.0830166617947968,NA,0.332019091097738,0.0830166617947968,621438.130193906,610710.292850084,2056.46537396125,506.570760226576,0.332019091097744,0.083016661794793
66,103,4855,85675,NA,20,79,NA,0.413650465356774,0.092294032431422,NA,0.413650465356774,0.092294032431422,624008.711911357,611273.942005829,2570.58171745157,563.649155745166,0.413650465356781,0.0922940324314347
67,104,4872,85759,NA,17,84,NA,0.350154479917611,0.0980449372629122,NA,0.350154479917611,0.0980449372629122,626193.706371191,611873.265158773,2184.99445983383,599.323152944096,0.350154479917617,0.0980449372629042
68,105,4888,85827,NA,16,68,NA,0.328407224958949,0.079291969355986,NA,0.328407224958949,0.079291969355986,628250.171745152,612358.43152068,2056.46537396125,485.166361907148,0.328407224958955,0.0792919693559831
69,106,4909,85901,NA,21,74,NA,0.42962356792144,0.0862199540937001,NA,0.42962356792144,0.0862199540937001,630949.282548477,612886.406679226,2699.11080332415,527.975158546004,0.429623567921448,0.0862199540936954
70,107,4933,85950,NA,24,49,NA,0.488897942554492,0.0570424092851073,NA,0.488897942554492,0.0570424092851073,634033.980609418,613236.011851777,3084.69806094177,349.605172550771,0.488897942554482,0.0570424092851106
71,108,4949,86018,NA,16,68,NA,0.324346239610785,0.0791157649796393,NA,0.324346239610785,0.0791157649796393,636090.44598338,613721.178213684,2056.46537396125,485.166361907148,0.32434623961079,0.0791157649796365
72,109,4965,86094,NA,16,76,NA,0.323297635886038,0.0883536004092167,NA,0.323297635886038,0.0883536004092167,638146.911357341,614263.42297111,2056.46537396114,542.244757425622,0.323297635886025,0.0883536004092113
73,110,4986,86192,NA,21,98,NA,0.422960725075529,0.113829070550793,NA,0.422960725075529,0.113829070550793,640846.022160665,614962.633316211,2699.11080332415,699.210345101543,0.422960725075536,0.1138290705508
74,111,5005,86259,NA,19,67,NA,0.381066987565182,0.0777334323371078,NA,0.381066987565182,0.0777334323371078,643288.074792244,615440.664878679,2442.05263157899,478.031562467339,0.381066987565189,0.0777334323371054
75,112,5028,86342,NA,23,83,NA,0.45954045954046,0.0962218435177778,NA,0.45954045954046,0.0962218435177778,646244.243767313,616032.853232183,2956.1689750693,592.188353504403,0.459540459540468,0.0962218435177892
76,113,5048,86402,NA,20,60,NA,0.397772474144789,0.0694910935581756,NA,0.397772474144789,0.0694910935581756,648814.825484765,616460.941198572,2570.58171745145,428.087966388674,0.397772474144778,0.0694910935581754
77,114,5063,86443,NA,15,41,NA,0.297147385103011,0.047452605263767,NA,0.297147385103011,0.047452605263767,650742.761772853,616753.467975604,1927.93628808856,292.526777032297,0.297147385102998,0.0474526052637729
78,115,5078,86500,NA,15,57,NA,0.296267035354533,0.0659394051571556,NA,0.296267035354533,0.0659394051571556,652670.698060942,617160.151543673,1927.93628808856,406.683568069246,0.29626703535452,0.0659394051571563
79,116,5092,86582,NA,14,82,NA,0.275699094131548,0.0947976878612717,NA,0.275699094131548,0.0947976878612717,654470.105263158,617745.205097738,1799.40720221598,585.053554064478,0.275699094131535,0.0947976878612644
80,117,5110,86664,NA,18,82,NA,0.353495679497251,0.0947079069552563,NA,0.353495679497251,0.0947079069552563,656783.628808864,618330.258651802,2313.52354570641,585.053554064478,0.353495679497257,0.094707906955249
81,118,5135,86752,NA,25,88,NA,0.489236790606654,0.101541585894951,NA,0.489236790606654,0.101541585894951,659996.855955679,618958.121002506,3213.22714681446,627.862350703334,0.489236790606662,0.101541585894941
82,119,5155,86830,NA,20,78,NA,0.389483933787731,0.0899114717816304,NA,0.389483933787731,0.0899114717816304,662567.43767313,619514.635358811,2570.58171745145,556.514356305357,0.38948393378772,0.0899114717816432
83,120,5183,86897,NA,28,67,NA,0.543161978661494,0.077162271104457,NA,0.543161978661494,0.077162271104457,666166.252077562,619992.666921278,3598.81440443208,478.031562467339,0.543161978661486,0.0771622711044545
84,121,5203,86943,NA,20,46,NA,0.38587690526722,0.0529362348527567,NA,0.38587690526722,0.0529362348527567,668736.833795014,620320.86769551,2570.58171745145,328.200774231344,0.385876905267209,0.0529362348527609
85,122,5211,87042,NA,8,99,NA,0.153757447626369,0.11386770642835,NA,0.153757447626369,0.11386770642835,669765.066481994,621027.212840051,1028.23268698063,706.345144541236,0.153757447626372,0.113867706428337
86,123,5230,87151,NA,19,109,NA,0.364613317981194,0.125226901955378,NA,0.364613317981194,0.125226901955378,672207.119113573,621804.90597899,2442.05263157887,777.693138939445,0.364613317981183,0.125226901955381
87,124,5251,87240,NA,21,89,NA,0.401529636711281,0.10212160503035,NA,0.401529636711281,0.10212160503035,674906.229916897,622439.903129134,2699.11080332403,634.997150143259,0.401529636711271,0.102121605030359
88,125,5263,87338,NA,12,98,NA,0.228527899447724,0.112333791838606,NA,0.228527899447724,0.112333791838606,676448.578947368,623139.113474235,1542.34903047082,699.210345101543,0.228527899447711,0.112333791838613
89,126,5279,87428,NA,16,90,NA,0.304009120273608,0.103047928736632,NA,0.304009120273608,0.103047928736632,678505.044321329,623781.245423818,2056.46537396125,642.131949583068,0.304009120273614,0.103047928736641
90,127,5301,87488,NA,22,60,NA,0.416745595756772,0.0686278995287551,NA,0.416745595756772,0.0686278995287551,681332.684210526,624209.333390207,2827.63988919673,428.087966388674,0.41674559575678,0.0686278995287548
91,128,5327,87559,NA,26,71,NA,0.490473495566874,0.0811539868324799,NA,0.490473495566874,0.0811539868324799,684674.440443213,624715.904150433,3341.75623268704,506.570760226576,0.490473495566883,0.0811539868324762
92,129,5344,87662,NA,17,103,NA,0.319128965646705,0.117634966137119,NA,0.319128965646705,0.117634966137119,686859.434903047,625450.788492734,2184.99445983372,734.884342300589,0.319128965646694,0.117634966137124
93,130,5362,87797,NA,18,135,NA,0.336826347305389,0.15400059318747,NA,0.336826347305389,0.15400059318747,689172.958448753,626413.986417108,2313.5235457063,963.197924374486,0.336826347305378,0.154000593187465
94,131,5383,87932,NA,21,135,NA,0.391644908616188,0.153763796029477,NA,0.391644908616188,0.153763796029477,691872.069252077,627377.184341483,2699.11080332403,963.197924374486,0.391644908616178,0.153763796029472
95,132,5406,88037,NA,23,105,NA,0.427271038454393,0.119410453532275,NA,0.427271038454393,0.119410453532275,694828.238227146,628126.338282663,2956.16897506919,749.153941180208,0.427271038454384,0.119410453532279
96,133,5432,88121,NA,26,84,NA,0.48094709581946,0.0954144280245806,NA,0.48094709581946,0.0954144280245806,698169.994459833,628725.661435607,3341.75623268692,599.323152944213,0.480947095819452,0.0954144280245914
97,134,5459,88178,NA,27,57,NA,0.497054491899853,0.0646837870655122,NA,0.497054491899853,0.0646837870655122,701640.279778393,629132.345003677,3470.2853185595,406.683568069362,0.497054491899845,0.0646837870655314
98,135,5484,88245,NA,25,67,NA,0.457959333211211,0.0759826714146386,NA,0.457959333211211,0.0759826714146386,704853.506925207,629610.376566144,3213.22714681434,478.031562467339,0.457959333211203,0.0759826714146361
99,136,5503,88382,NA,19,137,NA,0.346462436177972,0.155249589211853,NA,0.346462436177972,0.155249589211853,707295.559556786,630587.844089398,2442.05263157899,977.467523254105,0.346462436177979,0.155249589211848
100,137,5522,88524,NA,19,142,NA,0.345266218426313,0.160666198999796,NA,0.345266218426313,0.160666198999796,709737.612188365,631600.985609851,2442.05263157899,1013.14152045315,0.345266218426319,0.160666198999789
101,138,5548,NA,NA,26,NA,NA,0.470843897138718,NA,NA,0.470843897138718,NA,713079.368421052,NA,3341.75623268692,NA,0.47084389713871,NA
102,139,5569,NA,NA,21,NA,NA,0.378514780100937,NA,NA,0.378514780100937,NA,715778.479224376,NA,2699.11080332403,NA,0.378514780100928,NA
103,140,5588,NA,NA,19,NA,NA,0.34117435805351,NA,NA,0.34117435805351,NA,718220.531855955,NA,2442.05263157899,NA,0.341174358053517,NA
104,141,5602,NA,NA,14,NA,NA,0.250536864710093,NA,NA,0.250536864710093,NA,720019.939058171,NA,1799.40720221598,NA,0.250536864710082,NA
105,142,5621,NA,NA,19,NA,NA,0.339164584077115,NA,NA,0.339164584077115,NA,722461.99168975,NA,2442.05263157899,NA,0.339164584077122,NA
106,143,5647,NA,NA,26,NA,NA,0.462551147482654,NA,NA,0.462551147482654,NA,725803.747922437,NA,3341.75623268704,NA,0.462551147482663,NA
107,144,5660,NA,NA,13,NA,NA,0.230210731361785,NA,NA,0.230210731361785,NA,727474.62603878,NA,1670.8781163434,NA,0.230210731361773,NA
108,145,5677,NA,NA,17,NA,NA,0.300353356890459,NA,NA,0.300353356890459,NA,729659.620498614,NA,2184.99445983383,NA,0.300353356890465,NA
109,146,5702,NA,NA,25,NA,NA,0.4403734366743,NA,NA,0.4403734366743,NA,732872.847645428,NA,3213.22714681434,NA,0.440373436674292,NA
110,147,5727,NA,NA,25,NA,NA,0.438442651701157,NA,NA,0.438442651701157,NA,736086.074792243,NA,3213.22714681446,NA,0.438442651701166,NA
111,148,5744,NA,NA,17,NA,NA,0.296839532041208,NA,NA,0.296839532041208,NA,738271.069252077,NA,2184.99445983372,NA,0.296839532041198,NA
112,149,5758,NA,NA,14,NA,NA,0.243732590529248,NA,NA,0.243732590529248,NA,740070.476454293,NA,1799.4072022161,NA,0.243732590529252,NA
113,150,5769,NA,NA,11,NA,NA,0.191038555053838,NA,NA,0.191038555053838,NA,741484.296398891,NA,1413.81994459836,NA,0.191038555053842,NA
114,151,5788,NA,NA,19,NA,NA,0.329346507193621,NA,NA,0.329346507193621,NA,743926.34903047,NA,2442.05263157899,NA,0.329346507193627,NA
115,152,5814,NA,NA,26,NA,NA,0.449205252246026,NA,NA,0.449205252246026,NA,747268.105263157,NA,3341.75623268704,NA,0.449205252246035,NA
116,153,5839,NA,NA,25,NA,NA,0.42999656002752,NA,NA,0.42999656002752,NA,750481.332409972,NA,3213.22714681434,NA,0.429996560027512,NA
117,154,5856,NA,NA,17,NA,NA,0.29114574413427,NA,NA,0.29114574413427,NA,752666.326869805,NA,2184.99445983383,NA,0.291145744134275,NA
118,155,5903,NA,NA,47,NA,NA,0.802595628415301,NA,NA,0.802595628415301,NA,758707.193905816,NA,6040.86703601107,NA,0.8025956284153,NA
119,156,5928,NA,NA,25,NA,NA,0.423513467728274,NA,NA,0.423513467728274,NA,761920.421052631,NA,3213.22714681434,NA,0.423513467728266,NA
120,157,5938,NA,NA,10,NA,NA,0.168690958164642,NA,NA,0.168690958164642,NA,763205.711911357,NA,1285.29085872578,NA,0.168690958164646,NA
121,158,5950,NA,NA,12,NA,NA,0.202088245200404,NA,NA,0.202088245200404,NA,764748.060941827,NA,1542.34903047094,NA,0.202088245200408,NA
122,159,5970,NA,NA,20,NA,NA,0.336134453781513,NA,NA,0.336134453781513,NA,767318.642659279,NA,2570.58171745157,NA,0.336134453781519,NA
123,160,5978,NA,NA,8,NA,NA,0.134003350083752,NA,NA,0.134003350083752,NA,768346.87534626,NA,1028.23268698063,NA,0.134003350083755,NA
124,161,5993,NA,NA,15,NA,NA,0.250920040147206,NA,NA,0.250920040147206,NA,770274.811634348,NA,1927.93628808856,NA,0.250920040147196,NA
125,162,6006,NA,NA,13,NA,NA,0.216919739696312,NA,NA,0.216919739696312,NA,771945.689750692,NA,1670.8781163434,NA,0.216919739696301,NA
126,163,6018,NA,NA,12,NA,NA,0.1998001998002,NA,NA,0.1998001998002,NA,773488.038781162,NA,1542.34903047082,NA,0.199800199800188,NA
127,164,6028,NA,NA,10,NA,NA,0.166168162180126,NA,NA,0.166168162180126,NA,774773.329639888,NA,1285.29085872578,NA,0.166168162180129,NA
128,165,6042,NA,NA,14,NA,NA,0.232249502322495,NA,NA,0.232249502322495,NA,776572.736842104,NA,1799.4072022161,NA,0.232249502322499,NA
129,166,6056,NA,NA,14,NA,NA,0.231711353856339,NA,NA,0.231711353856339,NA,778372.14404432,NA,1799.40720221598,NA,0.231711353856328,NA
130,167,6074,NA,NA,18,NA,NA,0.297225891677675,NA,NA,0.297225891677675,NA,780685.667590027,NA,2313.5235457063,NA,0.297225891677666,NA
131,168,6082,NA,NA,8,NA,NA,0.131708923279552,NA,NA,0.131708923279552,NA,781713.900277007,NA,1028.23268698063,NA,0.131708923279555,NA
