"daysFromToday","Day","Korea","Italy","X","dif.Korea","dif.Italy","dif.X","growth.Korea","growth.Italy","growth.X","prj.grKO.X","prj.grIT.X","grKO.prj.tot.X","grIT.prj.tot.X","dif.grKO.prj.tot.X","dif.grIT.prj.tot.X","growth.grKO.prj.tot.X","growth.grIT.prj.tot.X"
-147,NA,NA,NA,61,NA,NA,NA,NA,NA,NA,NA,NA,NA,NA,NA,NA,NA,NA
-146,NA,NA,NA,61,NA,NA,0,NA,NA,0,NA,NA,NA,NA,NA,NA,NA,NA
-145,NA,NA,NA,68,NA,NA,7,NA,NA,11.4754098360656,NA,NA,NA,NA,NA,NA,NA,NA
-144,NA,NA,NA,95,NA,NA,27,NA,NA,39.7058823529412,NA,NA,NA,NA,NA,NA,NA,NA
-143,NA,NA,NA,95,NA,NA,0,NA,NA,0,NA,NA,NA,NA,NA,NA,NA,NA
-142,NA,NA,NA,109,NA,NA,14,NA,NA,14.7368421052632,NA,NA,NA,NA,NA,NA,NA,NA
-141,NA,NA,NA,123,NA,NA,14,NA,NA,12.8440366972477,NA,NA,NA,NA,NA,NA,NA,NA
-140,NA,NA,NA,144,NA,NA,21,NA,NA,17.0731707317073,NA,NA,NA,NA,NA,NA,NA,NA
-139,NA,NA,NA,144,NA,NA,0,NA,NA,0,NA,NA,NA,NA,NA,NA,NA,NA
-138,NA,NA,NA,167,NA,NA,23,NA,NA,15.9722222222222,NA,NA,NA,NA,NA,NA,NA,NA
-137,NA,NA,NA,173,NA,NA,6,NA,NA,3.59281437125748,NA,NA,NA,NA,NA,NA,NA,NA
-136,NA,NA,NA,173,NA,NA,0,NA,NA,0,NA,NA,NA,NA,NA,NA,NA,NA
-135,NA,NA,NA,184,NA,NA,11,NA,NA,6.35838150289017,NA,NA,NA,NA,NA,NA,NA,NA
-134,NA,NA,NA,199,NA,NA,15,NA,NA,8.15217391304348,NA,NA,NA,NA,NA,NA,NA,NA
-133,NA,NA,NA,216,NA,NA,17,NA,NA,8.5427135678392,NA,NA,NA,NA,NA,NA,NA,NA
-132,NA,NA,NA,225,NA,NA,9,NA,NA,4.16666666666667,NA,NA,NA,NA,NA,NA,NA,NA
-131,NA,NA,NA,237,NA,NA,12,NA,NA,5.33333333333333,NA,NA,NA,NA,NA,NA,NA,NA
-130,NA,NA,NA,250,NA,NA,13,NA,NA,5.48523206751055,NA,NA,NA,NA,NA,NA,NA,NA
-129,NA,NA,NA,259,NA,NA,9,NA,NA,3.6,NA,NA,NA,NA,NA,NA,NA,NA
-128,NA,NA,NA,272,NA,NA,13,NA,NA,5.01930501930502,NA,NA,NA,NA,NA,NA,NA,NA
-127,NA,NA,NA,285,NA,NA,13,NA,NA,4.77941176470588,NA,NA,NA,NA,NA,NA,NA,NA
-126,NA,NA,NA,302,NA,NA,17,NA,NA,5.96491228070175,NA,NA,NA,NA,NA,NA,NA,NA
-125,NA,NA,NA,304,NA,NA,2,NA,NA,0.662251655629139,NA,NA,NA,NA,NA,NA,NA,NA
-124,NA,NA,NA,315,NA,NA,11,NA,NA,3.61842105263158,NA,NA,NA,NA,NA,NA,NA,NA
-123,NA,NA,NA,333,NA,NA,18,NA,NA,5.71428571428571,NA,NA,NA,NA,NA,NA,NA,NA
-122,NA,NA,NA,345,NA,NA,12,NA,NA,3.6036036036036,NA,NA,NA,NA,NA,NA,NA,NA
-121,NA,NA,NA,392,NA,NA,47,NA,NA,13.6231884057971,NA,NA,NA,NA,NA,NA,NA,NA
-120,NA,NA,NA,417,NA,NA,25,NA,NA,6.37755102040816,NA,NA,NA,NA,NA,NA,NA,NA
-119,NA,NA,NA,417,NA,NA,0,NA,NA,0,NA,NA,NA,NA,NA,NA,NA,NA
-118,NA,NA,NA,445,NA,NA,28,NA,NA,6.71462829736211,NA,NA,NA,NA,NA,NA,NA,NA
-117,NA,NA,NA,449,NA,NA,4,NA,NA,0.898876404494382,NA,NA,NA,NA,NA,NA,NA,NA
-116,NA,NA,NA,464,NA,NA,15,NA,NA,3.34075723830735,NA,NA,NA,NA,NA,NA,NA,NA
-115,NA,NA,NA,476,NA,NA,12,NA,NA,2.58620689655172,NA,NA,NA,NA,NA,NA,NA,NA
-114,NA,NA,NA,485,NA,NA,9,NA,NA,1.89075630252101,NA,NA,NA,NA,NA,NA,NA,NA
-113,NA,NA,NA,509,NA,NA,24,NA,NA,4.94845360824742,NA,NA,NA,NA,NA,NA,NA,NA
-112,NA,NA,NA,537,NA,NA,28,NA,NA,5.50098231827112,NA,NA,NA,NA,NA,NA,NA,NA
-111,NA,NA,NA,542,NA,NA,5,NA,NA,0.931098696461825,NA,NA,NA,NA,NA,NA,NA,NA
-110,NA,NA,NA,551,NA,NA,9,NA,NA,1.66051660516605,NA,NA,NA,NA,NA,NA,NA,NA
-109,NA,NA,NA,566,NA,NA,15,NA,NA,2.72232304900181,NA,NA,NA,NA,NA,NA,NA,NA
-108,NA,NA,NA,588,NA,NA,22,NA,NA,3.886925795053,NA,NA,NA,NA,NA,NA,NA,NA
-107,NA,NA,NA,588,NA,NA,0,NA,NA,0,NA,NA,NA,NA,NA,NA,NA,NA
-106,NA,NA,NA,613,NA,NA,25,NA,NA,4.25170068027211,NA,NA,NA,NA,NA,NA,NA,NA
-105,NA,NA,NA,644,NA,NA,31,NA,NA,5.05709624796085,NA,NA,NA,NA,NA,NA,NA,NA
-104,NA,NA,NA,656,NA,NA,12,NA,NA,1.86335403726708,NA,NA,NA,NA,NA,NA,NA,NA
-103,NA,NA,NA,661,NA,NA,5,NA,NA,0.76219512195122,NA,NA,NA,NA,NA,NA,NA,NA
-102,NA,NA,NA,673,NA,NA,12,NA,NA,1.81543116490166,NA,NA,NA,NA,NA,NA,NA,NA
-101,NA,NA,NA,686,NA,NA,13,NA,NA,1.93164933135215,NA,NA,NA,NA,NA,NA,NA,NA
-100,NA,NA,NA,710,NA,NA,24,NA,NA,3.49854227405248,NA,NA,NA,NA,NA,NA,NA,NA
-99,NA,NA,NA,712,NA,NA,2,NA,NA,0.28169014084507,NA,NA,NA,NA,NA,NA,NA,NA
-98,NA,NA,NA,721,NA,NA,9,NA,NA,1.26404494382022,NA,NA,NA,NA,NA,NA,NA,NA
-97,NA,NA,NA,727,NA,NA,6,NA,NA,0.832177531206657,NA,NA,NA,NA,NA,NA,NA,NA
-96,NA,NA,NA,767,NA,NA,40,NA,NA,5.50206327372765,NA,NA,NA,NA,NA,NA,NA,NA
-95,NA,NA,NA,786,NA,NA,19,NA,NA,2.47718383311604,NA,NA,NA,NA,NA,NA,NA,NA
-94,NA,NA,NA,795,NA,NA,9,NA,NA,1.14503816793893,NA,NA,NA,NA,NA,NA,NA,NA
-93,NA,NA,NA,805,NA,NA,10,NA,NA,1.25786163522013,NA,NA,NA,NA,NA,NA,NA,NA
-92,NA,NA,NA,805,NA,NA,0,NA,NA,0,NA,NA,NA,NA,NA,NA,NA,NA
-91,NA,NA,NA,825,NA,NA,20,NA,NA,2.48447204968944,NA,NA,NA,NA,NA,NA,NA,NA
-90,NA,NA,NA,835,NA,NA,10,NA,NA,1.21212121212121,NA,NA,NA,NA,NA,NA,NA,NA
-89,NA,NA,NA,838,NA,NA,3,NA,NA,0.359281437125749,NA,NA,NA,NA,NA,NA,NA,NA
-88,NA,NA,NA,843,NA,NA,5,NA,NA,0.596658711217184,NA,NA,NA,NA,NA,NA,NA,NA
-87,NA,NA,NA,853,NA,NA,10,NA,NA,1.18623962040332,NA,NA,NA,NA,NA,NA,NA,NA
-86,NA,NA,NA,861,NA,NA,8,NA,NA,0.937866354044549,NA,NA,NA,NA,NA,NA,NA,NA
-85,NA,NA,NA,861,NA,NA,0,NA,NA,0,NA,NA,NA,NA,NA,NA,NA,NA
-84,NA,NA,NA,894,NA,NA,33,NA,NA,3.83275261324042,NA,NA,NA,NA,NA,NA,NA,NA
-83,NA,NA,NA,907,NA,NA,13,NA,NA,1.45413870246085,NA,NA,NA,NA,NA,NA,NA,NA
-82,NA,NA,NA,917,NA,NA,10,NA,NA,1.10253583241455,NA,NA,NA,NA,NA,NA,NA,NA
-81,NA,NA,NA,929,NA,NA,12,NA,NA,1.30861504907306,NA,NA,NA,NA,NA,NA,NA,NA
-80,NA,NA,NA,941,NA,NA,12,NA,NA,1.29171151776103,NA,NA,NA,NA,NA,NA,NA,NA
-79,NA,NA,NA,957,NA,NA,16,NA,NA,1.70031880977683,NA,NA,NA,NA,NA,NA,NA,NA
-78,NA,NA,NA,967,NA,NA,10,NA,NA,1.04493207941484,NA,NA,NA,NA,NA,NA,NA,NA
-77,NA,NA,NA,990,NA,NA,23,NA,NA,2.37849017580145,NA,NA,NA,NA,NA,NA,NA,NA
-76,NA,NA,NA,990,NA,NA,0,NA,NA,0,NA,NA,NA,NA,NA,NA,NA,NA
-75,NA,NA,NA,990,NA,NA,0,NA,NA,0,NA,NA,NA,NA,NA,NA,NA,NA
-74,NA,NA,NA,770,NA,NA,0,NA,NA,0,NA,NA,NA,NA,NA,NA,NA,NA
-73,NA,NA,NA,770,NA,NA,0,NA,NA,0,NA,NA,NA,NA,NA,NA,NA,NA
-72,NA,NA,NA,790,NA,NA,20,NA,NA,2.5974025974026,NA,NA,NA,NA,NA,NA,NA,NA
-71,NA,NA,NA,813,NA,NA,23,NA,NA,2.91139240506329,NA,NA,NA,NA,NA,NA,NA,NA
-70,NA,NA,0,813,NA,NA,0,NA,NA,0,NA,NA,NA,NA,NA,NA,NA,NA
-69,NA,NA,1,850,NA,1,37,NA,Inf,4.55104551045511,NA,NA,NA,NA,NA,NA,NA,NA
-68,NA,NA,1,864,NA,0,14,NA,0,1.64705882352941,NA,NA,NA,NA,NA,NA,NA,NA
-67,NA,NA,2,1495,NA,1,631,NA,100,73.0324074074074,NA,NA,NA,NA,NA,NA,NA,NA
-66,NA,NA,3,1525,NA,1,30,NA,50,2.0066889632107,NA,NA,NA,NA,NA,NA,NA,NA
-65,NA,NA,4,1558,NA,1,33,NA,33.3333333333333,2.16393442622951,NA,NA,NA,NA,NA,NA,NA,NA
-64,NA,NA,5,1609,NA,1,51,NA,25,3.27342747111682,NA,NA,NA,NA,NA,NA,NA,NA
-63,NA,NA,7,1669,NA,2,60,NA,40,3.72902423865755,NA,NA,NA,NA,NA,NA,NA,NA
-62,NA,NA,10,1728,NA,3,59,NA,42.8571428571429,3.53505092869982,NA,NA,NA,NA,NA,NA,NA,NA
-61,NA,NA,12,1762,NA,2,34,NA,20,1.96759259259259,NA,NA,NA,NA,NA,NA,NA,NA
-60,NA,NA,15,1814,NA,3,52,NA,25,2.95119182746879,NA,NA,NA,NA,NA,NA,NA,NA
-59,NA,NA,19,1838,NA,4,24,NA,26.6666666666667,1.32304299889746,NA,NA,NA,NA,NA,NA,NA,NA
-58,NA,NA,24,1913,NA,5,75,NA,26.3157894736842,4.08052230685528,NA,NA,NA,NA,NA,NA,NA,NA
-57,NA,NA,28,1986,NA,4,73,NA,16.6666666666667,3.81599581808677,NA,NA,NA,NA,NA,NA,NA,NA
-56,NA,NA,36,2064,NA,8,78,NA,28.5714285714286,3.92749244712991,NA,NA,NA,NA,NA,NA,NA,NA
-55,NA,NA,45,2161,NA,9,97,NA,25,4.69961240310078,NA,NA,NA,NA,NA,NA,NA,NA
-54,NA,NA,56,2217,NA,11,56,NA,24.4444444444444,2.5913928736696,NA,NA,NA,NA,NA,NA,NA,NA
-53,NA,NA,62,2269,NA,6,52,NA,10.7142857142857,2.34551195308976,NA,NA,NA,NA,NA,NA,NA,NA
-52,NA,NA,76,2336,NA,14,67,NA,22.5806451612903,2.95284266196562,NA,NA,NA,NA,NA,NA,NA,NA
-51,NA,NA,93,2438,NA,17,102,NA,22.3684210526316,4.36643835616438,NA,NA,NA,NA,NA,NA,NA,NA
-50,NA,NA,108,2516,NA,15,78,NA,16.1290322580645,3.19934372436423,NA,NA,NA,NA,NA,NA,NA,NA
-49,NA,NA,130,2626,NA,22,110,NA,20.3703703703704,4.37201907790143,NA,NA,NA,NA,NA,NA,NA,NA
-48,NA,NA,152,2715,NA,22,89,NA,16.9230769230769,3.38918507235339,NA,NA,NA,NA,NA,NA,NA,NA
-47,NA,NA,171,2829,NA,19,114,NA,12.5,4.19889502762431,NA,NA,NA,NA,NA,NA,NA,NA
-46,NA,NA,193,2925,NA,22,96,NA,12.8654970760234,3.39342523860021,NA,NA,NA,NA,NA,NA,NA,NA
-45,NA,NA,219,3036,NA,26,111,NA,13.4715025906736,3.7948717948718,NA,NA,NA,NA,NA,NA,NA,NA
-44,NA,NA,251,3146,NA,32,110,NA,14.6118721461187,3.6231884057971,NA,NA,NA,NA,NA,NA,NA,NA
-43,NA,NA,288,3272,NA,37,126,NA,14.7410358565737,4.00508582326764,NA,NA,NA,NA,NA,NA,NA,NA
-42,NA,NA,328,3358,NA,40,86,NA,13.8888888888889,2.62836185819071,NA,NA,NA,NA,NA,NA,NA,NA
-41,NA,NA,362,3458,NA,34,100,NA,10.3658536585366,2.97796307325789,NA,NA,NA,NA,NA,NA,NA,NA
-40,0,1,391,3550,NA,29,92,NA,8.01104972375691,2.6604973973395,NA,NA,NA,NA,NA,NA,NA,NA
-39,1,1,424,3834,0,33,284,0,8.43989769820972,8,NA,NA,NA,NA,NA,NA,NA,NA
-38,2,3,455,3988,2,31,154,200,7.31132075471698,4.01669274908712,NA,NA,NA,NA,NA,NA,NA,NA
-37,3,4,493,4190,1,38,202,33.3333333333333,8.35164835164835,5.06519558676028,NA,NA,NA,NA,NA,NA,NA,NA
-36,4,6,530,4359,2,37,169,50,7.50507099391481,4.03341288782816,NA,NA,NA,NA,NA,NA,NA,NA
-35,5,7,566,4545,1,36,186,16.6666666666667,6.79245283018868,4.26703372333104,NA,NA,NA,NA,NA,NA,NA,NA
-34,6,9,598,4675,2,32,130,28.5714285714286,5.65371024734982,2.86028602860286,NA,NA,NA,NA,NA,NA,NA,NA
-33,7,13,623,4767,4,25,92,44.4444444444444,4.18060200668896,1.96791443850267,NA,NA,NA,NA,NA,NA,NA,NA
-32,8,17,648,4896,4,25,129,30.7692307692308,4.01284109149278,2.70610446821901,NA,NA,NA,NA,NA,NA,NA,NA
-31,9,23,677,5068,6,29,172,35.2941176470588,4.47530864197531,3.51307189542484,NA,NA,NA,NA,NA,NA,NA,NA
-30,10,27,706,5177,4,29,109,17.3913043478261,4.28360413589365,2.1507498026835,NA,NA,NA,NA,NA,NA,NA,NA
-29,11,31,734,5277,4,28,100,14.8148148148148,3.96600566572238,1.93162062970833,NA,NA,NA,NA,NA,NA,NA,NA
-28,12,37,763,5299,6,29,22,19.3548387096774,3.95095367847411,0.416903543680121,NA,NA,NA,NA,NA,NA,NA,NA
-27,13,41,790,5443,4,27,144,10.8108108108108,3.53866317169069,2.71749386676731,NA,NA,NA,NA,NA,NA,NA,NA
-26,14,44,812,5573,3,22,130,7.31707317073171,2.78481012658228,2.38838875620062,NA,NA,NA,NA,NA,NA,NA,NA
-25,15,48,830,5896,4,18,323,9.09090909090909,2.21674876847291,5.79580118428136,NA,NA,NA,NA,NA,NA,NA,NA
-24,16,51,854,6032,3,24,136,6.25,2.89156626506024,2.30664857530529,NA,NA,NA,NA,NA,NA,NA,NA
-23,17,53,879,6218,2,25,186,3.92156862745098,2.92740046838408,3.08355437665782,NA,NA,NA,NA,NA,NA,NA,NA
-22,18,54,904,6384,1,25,166,1.88679245283019,2.84414106939704,2.66966870376327,NA,NA,NA,NA,NA,NA,NA,NA
-21,19,54,932,6534,0,28,150,0,3.09734513274336,2.34962406015038,NA,NA,NA,NA,NA,NA,NA,NA
-20,20,56,957,6534,2,25,0,3.7037037037037,2.6824034334764,0,NA,NA,NA,NA,NA,NA,NA,NA
-19,21,57,977,6732,1,20,198,1.78571428571429,2.08986415882968,3.03030303030303,NA,NA,NA,NA,NA,NA,NA,NA
-18,22,58,995,6732,1,18,0,1.75438596491228,1.84237461617195,0,NA,NA,NA,NA,NA,NA,NA,NA
-17,23,58,1011,6887,0,16,155,0,1.60804020100503,2.30243612596554,NA,NA,NA,NA,NA,NA,NA,NA
-16,24,59,1034,6988,1,23,101,1.72413793103448,2.27497527200791,1.46653114563671,NA,NA,NA,NA,NA,NA,NA,NA
-15,25,59,1056,7090,0,22,102,0,2.12765957446809,1.45964510589582,NA,NA,NA,NA,NA,NA,NA,NA
-14,26,60,1077,7215,1,21,125,1.69491525423729,1.98863636363636,1.76304654442877,NA,NA,NA,NA,NA,NA,NA,NA
-13,27,61,1096,7357,1,19,142,1.66666666666667,1.76415970287837,1.96812196812197,NA,NA,NA,NA,NA,NA,NA,NA
-12,28,62,1110,7481,1,14,124,1.63934426229508,1.27737226277372,1.68546962076934,NA,NA,NA,NA,NA,NA,NA,NA
-11,29,62,1126,7591,0,16,110,0,1.44144144144144,1.47039165886914,NA,NA,NA,NA,NA,NA,NA,NA
-10,30,64,1147,7591,2,21,0,3.2258064516129,1.86500888099467,0,NA,NA,NA,NA,NA,NA,NA,NA
-9,31,64,1163,7789,0,16,198,0,1.3949433304272,2.60835199578448,NA,NA,NA,NA,NA,NA,NA,NA
-8,32,65,1182,7917,1,19,128,1.5625,1.63370593293207,1.64334317627423,NA,NA,NA,NA,NA,NA,NA,NA
-7,33,65,1196,8025,0,14,108,0,1.1844331641286,1.36415308829102,NA,NA,NA,NA,NA,NA,NA,NA
-6,34,66,1210,8148,1,14,123,1.53846153846154,1.17056856187291,1.53271028037383,NA,NA,NA,NA,NA,NA,NA,NA
-5,35,67,1221,8233,1,11,85,1.51515151515152,0.909090909090909,1.04320078546883,NA,NA,NA,NA,NA,NA,NA,NA
-4,36,67,1234,8303,0,13,70,0,1.06470106470106,0.850236851694401,NA,NA,NA,NA,NA,NA,NA,NA
-3,37,68,1247,8367,1,13,64,1.49253731343284,1.05348460291734,0.770805732867638,NA,NA,NA,NA,NA,NA,NA,NA
-2,38,69,1258,8438,1,11,71,1.47058823529412,0.882117080994387,0.848571770049002,NA,NA,NA,NA,NA,NA,NA,NA
-1,39,70,1270,8514,1,12,76,1.44927536231884,0.95389507154213,0.900687366674568,NA,NA,NA,NA,NA,NA,NA,NA
0,40,71,1282,8605,1,12,91,1.42857142857143,0.94488188976378,1.06882781301386,NA,NA,8605,8605,91,91,NA,NA
1,41,71,1290,NA,0,8,NA,0,0.62402496099844,NA,0,0.62402496099844,8605,8658.69734789392,0,53.6973478939162,0,0.624024960998445
2,42,72,1298,NA,1,8,NA,1.40845070422535,0.62015503875969,NA,1.40845070422535,0.62015503875969,8726.19718309859,8712.39469578783,121.197183098591,53.6973478939162,1.40845070422535,0.620155038759695
3,43,73,1304,NA,1,6,NA,1.38888888888889,0.462249614791988,NA,1.38888888888889,0.462249614791988,8847.39436619718,8752.66770670827,121.197183098591,40.2730109204385,1.38888888888889,0.462249614792007
4,44,73,1313,NA,0,9,NA,0,0.690184049079755,NA,0,0.690184049079755,8847.39436619718,8813.07722308893,0,60.4095163806542,0,0.690184049079742
5,45,74,1322,NA,1,9,NA,1.36986301369863,0.685453160700685,NA,1.36986301369863,0.685453160700685,8968.59154929577,8873.48673946958,121.197183098591,60.4095163806542,1.36986301369863,0.685453160700673
6,46,74,1330,NA,0,8,NA,0,0.605143721633888,NA,0,0.605143721633888,8968.59154929577,8927.1840873635,0,53.6973478939162,0,0.605143721633893
7,47,75,1336,NA,1,6,NA,1.35135135135135,0.451127819548872,NA,1.35135135135135,0.451127819548872,9089.78873239437,8967.45709828393,121.197183098593,40.2730109204367,1.35135135135137,0.451127819548871
8,48,75,1341,NA,0,5,NA,0,0.374251497005988,NA,0,0.374251497005988,9089.78873239437,9001.01794071763,0,33.560842433697,0,0.374251497005984
9,49,75,1346,NA,0,5,NA,0,0.372856077554064,NA,0,0.372856077554064,9089.78873239437,9034.57878315133,0,33.560842433697,0,0.37285607755406
10,50,75,1354,NA,0,8,NA,0,0.594353640416048,NA,0,0.594353640416048,9089.78873239437,9088.27613104524,0,53.6973478939162,0,0.594353640416053
11,51,76,1360,NA,1,6,NA,1.33333333333333,0.443131462333826,NA,1.33333333333333,0.443131462333826,9210.98591549296,9128.54914196568,121.197183098593,40.2730109204367,1.33333333333335,0.443131462333825
12,52,76,1366,NA,0,6,NA,0,0.441176470588235,NA,0,0.441176470588235,9210.98591549296,9168.82215288612,0,40.2730109204367,0,0.441176470588234
13,53,76,1371,NA,0,5,NA,0,0.366032210834553,NA,0,0.366032210834553,9210.98591549296,9202.38299531981,0,33.560842433697,0,0.366032210834549
14,54,76,1376,NA,0,5,NA,0,0.364697301239971,NA,0,0.364697301239971,9210.98591549296,9235.94383775351,0,33.5608424336988,0,0.364697301239986
15,55,76,1380,NA,0,4,NA,0,0.290697674418605,NA,0,0.290697674418605,9210.98591549296,9262.79251170047,0,26.8486739469572,0,0.290697674418597
16,56,77,1383,NA,1,3,NA,1.31578947368421,0.217391304347826,NA,1.31578947368421,0.217391304347826,9332.18309859155,9282.92901716069,121.197183098591,20.1365054602193,1.31578947368421,0.217391304347835
17,57,77,1388,NA,0,5,NA,0,0.361532899493854,NA,0,0.361532899493854,9332.18309859155,9316.48985959439,0,33.560842433697,0,0.36153289949385
18,58,77,1392,NA,0,4,NA,0,0.288184438040346,NA,0,0.288184438040346,9332.18309859155,9343.33853354134,0,26.848673946959,0,0.288184438040358
19,59,77,1396,NA,0,4,NA,0,0.28735632183908,NA,0,0.28735632183908,9332.18309859155,9370.1872074883,0,26.8486739469572,0,0.287356321839073
20,60,77,1400,NA,0,4,NA,0,0.286532951289398,NA,0,0.286532951289398,9332.18309859155,9397.03588143526,0,26.8486739469572,0,0.286532951289391
21,61,77,1404,NA,0,4,NA,0,0.285714285714286,NA,0,0.285714285714286,9332.18309859155,9423.88455538222,0,26.848673946959,0,0.285714285714298
22,62,77,1407,NA,0,3,NA,0,0.213675213675214,NA,0,0.213675213675214,9332.18309859155,9444.02106084243,0,20.1365054602174,0,0.213675213675203
23,63,77,1409,NA,0,2,NA,0,0.142146410803127,NA,0,0.142146410803127,9332.18309859155,9457.44539781591,0,13.4243369734777,0,0.142146410803114
24,64,77,1412,NA,0,3,NA,0,0.21291696238467,NA,0,0.21291696238467,9332.18309859155,9477.58190327613,0,20.1365054602193,0,0.212916962384679
25,65,77,1415,NA,0,3,NA,0,0.212464589235128,NA,0,0.212464589235128,9332.18309859155,9497.71840873635,0,20.1365054602174,0,0.212464589235117
26,66,78,1419,NA,1,4,NA,1.2987012987013,0.282685512367491,NA,1.2987012987013,0.282685512367491,9453.38028169014,9524.56708268331,121.197183098591,26.848673946959,1.2987012987013,0.282685512367503
27,67,78,1422,NA,0,3,NA,0,0.211416490486258,NA,0,0.211416490486258,9453.38028169014,9544.70358814353,0,20.1365054602193,0,0.211416490486267
28,68,78,1425,NA,0,3,NA,0,0.210970464135021,NA,0,0.210970464135021,9453.38028169014,9564.84009360375,0,20.1365054602193,0,0.21097046413503
29,69,78,1427,NA,0,2,NA,0,0.140350877192982,NA,0,0.140350877192982,9453.38028169014,9578.26443057722,0,13.4243369734777,0,0.140350877192969
30,70,78,1428,NA,0,1,NA,0,0.0700770847932726,NA,0,0.0700770847932726,9453.38028169014,9584.97659906396,0,6.71216848673976,0,0.0700770847932756
31,71,78,1430,NA,0,2,NA,0,0.140056022408964,NA,0,0.140056022408964,9453.38028169014,9598.40093603744,0,13.4243369734795,0,0.14005602240897
32,72,78,1432,NA,0,2,NA,0,0.13986013986014,NA,0,0.13986013986014,9453.38028169014,9611.82527301092,0,13.4243369734795,0,0.139860139860146
33,73,78,1433,NA,0,1,NA,0,0.0698324022346369,NA,0,0.0698324022346369,9453.38028169014,9618.53744149766,0,6.71216848673976,0,0.0698324022346398
34,74,78,1436,NA,0,3,NA,0,0.209351011863224,NA,0,0.209351011863224,9453.38028169014,9638.67394695788,0,20.1365054602193,0,0.209351011863233
35,75,78,1438,NA,0,2,NA,0,0.139275766016713,NA,0,0.139275766016713,9453.38028169014,9652.09828393136,0,13.4243369734795,0,0.139275766016719
36,76,78,1439,NA,0,1,NA,0,0.0695410292072323,NA,0,0.0695410292072323,9453.38028169014,9658.8104524181,0,6.71216848673976,0,0.0695410292072352
37,77,78,1441,NA,0,2,NA,0,0.138985406532314,NA,0,0.138985406532314,9453.38028169014,9672.23478939158,0,13.4243369734795,0,0.13898540653232
38,78,78,1442,NA,0,1,NA,0,0.0693962526023595,NA,0,0.0693962526023595,9453.38028169014,9678.94695787832,0,6.71216848673976,0,0.0693962526023624
39,79,79,1444,NA,1,2,NA,1.28205128205128,0.13869625520111,NA,1.28205128205128,0.13869625520111,9574.57746478873,9692.3712948518,121.197183098591,13.4243369734795,1.28205128205128,0.138696255201115
40,80,79,1446,NA,0,2,NA,0,0.138504155124654,NA,0,0.138504155124654,9574.57746478873,9705.79563182528,0,13.4243369734795,0,0.13850415512466
41,81,79,1447,NA,0,1,NA,0,0.0691562932226833,NA,0,0.0691562932226833,9574.57746478873,9712.50780031202,0,6.71216848673976,0,0.0691562932226862
42,82,79,1449,NA,0,2,NA,0,0.138217000691085,NA,0,0.138217000691085,9574.57746478873,9725.9321372855,0,13.4243369734777,0,0.138217000691072
43,83,79,1451,NA,0,2,NA,0,0.138026224982747,NA,0,0.138026224982747,9574.57746478873,9739.35647425898,0,13.4243369734795,0,0.138026224982753
44,84,80,1453,NA,1,2,NA,1.26582278481013,0.137835975189524,NA,1.26582278481013,0.137835975189524,9695.77464788733,9752.78081123246,121.197183098593,13.4243369734795,1.26582278481014,0.13783597518953
45,85,80,1454,NA,0,1,NA,0,0.0688231245698555,NA,0,0.0688231245698555,9695.77464788733,9759.4929797192,0,6.71216848673976,0,0.0688231245698584
46,86,80,1456,NA,0,2,NA,0,0.137551581843191,NA,0,0.137551581843191,9695.77464788733,9772.91731669267,0,13.4243369734777,0,0.137551581843178
47,87,80,1458,NA,0,2,NA,0,0.137362637362637,NA,0,0.137362637362637,9695.77464788733,9786.34165366615,0,13.4243369734795,0,0.137362637362643
48,88,80,1457,NA,0,0,NA,0,0,NA,0,0,9695.77464788733,9786.34165366615,0,0,0,0
49,89,80,1459,NA,0,2,NA,0,0.137268359643102,NA,0,0.137268359643102,9695.77464788733,9799.77520432321,0,13.4335506570569,0,0.1372683596431
50,90,80,1460,NA,0,1,NA,0,0.0685400959561343,NA,0,0.0685400959561343,9695.77464788733,9806.49197965174,0,6.71677532852846,0,0.068540095956133
51,91,80,1462,NA,0,2,NA,0,0.136986301369863,NA,0,0.136986301369863,9695.77464788733,9819.9255303088,0,13.4335506570569,0,0.13698630136986
52,92,81,1462,NA,1,0,NA,1.25,0,NA,1.25,0,9816.97183098592,9819.9255303088,121.197183098591,0,1.25,0
53,93,81,1466,NA,0,4,NA,0,0.27359781121751,NA,0,0.27359781121751,9816.97183098592,9846.79263162291,0,26.8671013141156,0,0.273597811217523
54,94,81,1468,NA,0,2,NA,0,0.136425648021828,NA,0,0.136425648021828,9816.97183098592,9860.22618227997,0,13.4335506570569,0,0.136425648021825
55,95,81,1469,NA,0,1,NA,0,0.0681198910081744,NA,0,0.0681198910081744,9816.97183098592,9866.9429576085,0,6.71677532852846,0,0.068119891008173
56,96,81,1470,NA,0,1,NA,0,0.068073519400953,NA,0,0.068073519400953,9816.97183098592,9873.65973293703,0,6.71677532852846,0,0.0680735194009517
57,97,82,1471,NA,1,1,NA,1.23456790123457,0.0680272108843537,NA,1.23456790123457,0.0680272108843537,9938.16901408451,9880.37650826555,121.197183098591,6.71677532852846,1.23456790123456,0.0680272108843524
58,98,82,1472,NA,0,1,NA,0,0.0679809653297077,NA,0,0.0679809653297077,9938.16901408451,9887.09328359408,0,6.71677532853028,0,0.0679809653297248
59,99,83,1473,NA,1,1,NA,1.21951219512195,0.0679347826086956,NA,1.21951219512195,0.0679347826086956,10059.3661971831,9893.81005892261,121.197183098591,6.71677532852846,1.21951219512195,0.0679347826086943
60,100,83,1474,NA,0,1,NA,0,0.0678886625933469,NA,0,0.0678886625933469,10059.3661971831,9900.52683425114,0,6.71677532852846,0,0.0678886625933456
61,101,83,1475,NA,0,1,NA,0,0.067842605156038,NA,0,0.067842605156038,10059.3661971831,9907.24360957967,0,6.71677532852846,0,0.0678426051560366
62,102,83,1477,NA,0,2,NA,0,0.135593220338983,NA,0,0.135593220338983,10059.3661971831,9920.67716023673,0,13.4335506570569,0,0.13559322033898
63,103,84,1478,NA,1,1,NA,1.20481927710843,0.0677048070412999,NA,1.20481927710843,0.0677048070412999,10180.5633802817,9927.39393556525,121.197183098591,6.71677532852846,1.20481927710843,0.0677048070412986
64,104,84,1479,NA,0,1,NA,0,0.06765899864682,NA,0,0.06765899864682,10180.5633802817,9934.11071089378,0,6.71677532852846,0,0.0676589986468187
65,105,84,1481,NA,0,2,NA,0,0.135226504394861,NA,0,0.135226504394861,10180.5633802817,9947.54426155084,0,13.4335506570569,0,0.135226504394859
66,106,85,1481,NA,1,0,NA,1.19047619047619,0,NA,1.19047619047619,0,10301.7605633803,9947.54426155084,121.197183098591,0,1.19047619047619,0
67,107,85,1483,NA,0,2,NA,0,0.135043889264011,NA,0,0.135043889264011,10301.7605633803,9960.9778122079,0,13.4335506570587,0,0.135043889264026
68,108,85,1484,NA,0,1,NA,0,0.0674308833445718,NA,0,0.0674308833445718,10301.7605633803,9967.69458753643,0,6.71677532852846,0,0.0674308833445705
69,109,86,1486,NA,1,2,NA,1.17647058823529,0.134770889487871,NA,1.17647058823529,0.134770889487871,10422.9577464789,9981.12813819349,121.197183098591,13.4335506570587,1.17647058823529,0.134770889487886
70,110,86,1487,NA,0,1,NA,0,0.0672947510094213,NA,0,0.0672947510094213,10422.9577464789,9987.84491352201,0,6.71677532852846,0,0.0672947510094199
71,111,86,1488,NA,0,1,NA,0,0.0672494956287828,NA,0,0.0672494956287828,10422.9577464789,9994.56168885054,0,6.71677532852846,0,0.0672494956287814
72,112,87,1489,NA,1,1,NA,1.16279069767442,0.0672043010752688,NA,1.16279069767442,0.0672043010752688,10544.1549295775,10001.2784641791,121.197183098591,6.71677532852846,1.16279069767442,0.0672043010752675
73,113,87,1490,NA,0,1,NA,0,0.0671591672263264,NA,0,0.0671591672263264,10544.1549295775,10007.9952395076,0,6.71677532852846,0,0.067159167226325
74,114,87,1491,NA,0,1,NA,0,0.0671140939597315,NA,0,0.0671140939597315,10544.1549295775,10014.7120148361,0,6.71677532853028,0,0.0671140939597484
75,115,88,1492,NA,1,1,NA,1.14942528735632,0.0670690811535882,NA,1.14942528735632,0.0670690811535882,10665.3521126761,10021.4287901647,121.197183098593,6.71677532852846,1.14942528735634,0.0670690811535868
76,116,88,1494,NA,0,2,NA,0,0.134048257372654,NA,0,0.134048257372654,10665.3521126761,10034.8623408217,0,13.4335506570569,0,0.134048257372651
77,117,88,1495,NA,0,1,NA,0,0.0669344042838019,NA,0,0.0669344042838019,10665.3521126761,10041.5791161502,0,6.71677532852846,0,0.0669344042838005
78,118,89,1497,NA,1,2,NA,1.13636363636364,0.133779264214047,NA,1.13636363636364,0.133779264214047,10786.5492957747,10055.0126668073,121.197183098593,13.4335506570569,1.13636363636365,0.133779264214044
79,119,89,1498,NA,0,1,NA,0,0.0668002672010688,NA,0,0.0668002672010688,10786.5492957747,10061.7294421358,0,6.71677532852846,0,0.0668002672010675
80,120,89,1499,NA,0,1,NA,0,0.0667556742323097,NA,0,0.0667556742323097,10786.5492957747,10068.4462174644,0,6.71677532852846,0,0.0667556742323084
81,121,90,1500,NA,1,1,NA,1.12359550561798,0.066711140760507,NA,1.12359550561798,0.066711140760507,10907.7464788732,10075.1629927929,121.197183098591,6.71677532852846,1.12359550561797,0.0667111407605057
82,122,90,1502,NA,0,2,NA,0,0.133333333333333,NA,0,0.133333333333333,10907.7464788732,10088.5965434499,0,13.4335506570587,0,0.133333333333349
83,123,90,1504,NA,0,2,NA,0,0.133155792276964,NA,0,0.133155792276964,10907.7464788732,10102.030094107,0,13.4335506570587,0,0.133155792276979
84,124,91,1505,NA,1,1,NA,1.11111111111111,0.0664893617021277,NA,1.11111111111111,0.0664893617021277,11028.9436619718,10108.7468694355,121.197183098591,6.71677532852846,1.11111111111111,0.0664893617021263
85,125,91,1507,NA,0,2,NA,0,0.132890365448505,NA,0,0.132890365448505,11028.9436619718,10122.1804200926,0,13.4335506570569,0,0.132890365448502
86,126,91,1508,NA,0,1,NA,0,0.06635700066357,NA,0,0.06635700066357,11028.9436619718,10128.8971954211,0,6.71677532852846,0,0.0663570006635687
87,127,91,1509,NA,0,1,NA,0,0.0663129973474801,NA,0,0.0663129973474801,11028.9436619718,10135.6139707496,0,6.71677532852846,0,0.0663129973474788
88,128,92,1511,NA,1,2,NA,1.0989010989011,0.132538104705103,NA,1.0989010989011,0.132538104705103,11150.1408450704,10149.0475214067,121.197183098591,13.4335506570569,1.0989010989011,0.1325381047051
89,129,92,1513,NA,0,2,NA,0,0.132362673726009,NA,0,0.132362673726009,11150.1408450704,10162.4810720638,0,13.4335506570569,0,0.132362673726007
90,130,92,1516,NA,0,3,NA,0,0.198281559814937,NA,0,0.198281559814937,11150.1408450704,10182.6313980493,0,20.1503259855854,0,0.198281559814933
91,131,93,1517,NA,1,1,NA,1.08695652173913,0.0659630606860158,NA,1.08695652173913,0.0659630606860158,11271.338028169,10189.3481733779,121.197183098591,6.71677532853028,1.08695652173913,0.0659630606860324
92,132,93,1519,NA,0,2,NA,0,0.1318391562294,NA,0,0.1318391562294,11271.338028169,10202.7817240349,0,13.4335506570587,0,0.131839156229415
93,133,94,1520,NA,1,1,NA,1.0752688172043,0.0658327847267939,NA,1.0752688172043,0.0658327847267939,11392.5352112676,10209.4984993635,121.197183098591,6.71677532853028,1.0752688172043,0.0658327847268104
94,134,94,1521,NA,0,1,NA,0,0.0657894736842105,NA,0,0.0657894736842105,11392.5352112676,10216.215274692,0,6.71677532852846,0,0.0657894736842092
95,135,95,1523,NA,1,2,NA,1.06382978723404,0.131492439184747,NA,1.06382978723404,0.131492439184747,11513.7323943662,10229.6488253491,121.197183098593,13.4335506570587,1.06382978723406,0.131492439184762
96,136,95,1526,NA,0,3,NA,0,0.196979645436638,NA,0,0.196979645436638,11513.7323943662,10249.7991513346,0,20.1503259855854,0,0.196979645436634
97,137,95,1529,NA,0,3,NA,0,0.196592398427261,NA,0,0.196592398427261,11513.7323943662,10269.9494773202,0,20.1503259855854,0,0.196592398427257
98,138,96,1531,NA,1,2,NA,1.05263157894737,0.13080444735121,NA,1.05263157894737,0.13080444735121,11634.9295774648,10283.3830279773,121.197183098591,13.4335506570569,1.05263157894737,0.130804447351207
99,139,96,1534,NA,0,3,NA,0,0.195950359242325,NA,0,0.195950359242325,11634.9295774648,10303.5333539629,0,20.1503259855872,0,0.195950359242339
100,140,96,1536,NA,0,2,NA,0,0.130378096479791,NA,0,0.130378096479791,11634.9295774648,10316.9669046199,0,13.4335506570587,0,0.130378096479806
101,141,97,1538,NA,1,2,NA,1.04166666666667,0.130208333333333,NA,1.04166666666667,0.130208333333333,11756.1267605634,10330.400455277,121.197183098593,13.4335506570569,1.04166666666668,0.130208333333331
102,142,97,1541,NA,0,3,NA,0,0.195058517555267,NA,0,0.195058517555267,11756.1267605634,10350.5507812626,0,20.1503259855854,0,0.195058517555262
103,143,97,1544,NA,0,3,NA,0,0.194678780012979,NA,0,0.194678780012979,11756.1267605634,10370.7011072482,0,20.1503259855854,0,0.194678780012975
104,144,98,1548,NA,1,4,NA,1.03092783505155,0.259067357512953,NA,1.03092783505155,0.259067357512953,11877.323943662,10397.5682085623,121.197183098591,26.8671013141138,1.03092783505154,0.259067357512948
105,145,98,1552,NA,0,4,NA,0,0.258397932816538,NA,0,0.258397932816538,11877.323943662,10424.4353098764,0,26.8671013141156,0,0.25839793281655
106,146,98,1555,NA,0,3,NA,0,0.193298969072165,NA,0,0.193298969072165,11877.323943662,10444.585635862,0,20.1503259855854,0,0.193298969072161
107,147,99,1557,NA,1,2,NA,1.02040816326531,0.128617363344051,NA,1.02040816326531,0.128617363344051,11998.5211267606,10458.019186519,121.197183098591,13.4335506570569,1.0204081632653,0.128617363344049
108,148,99,1559,NA,0,2,NA,0,0.128452151573539,NA,0,0.128452151573539,11998.5211267606,10471.4527371761,0,13.4335506570569,0,0.128452151573536
109,149,99,1563,NA,0,4,NA,0,0.256574727389352,NA,0,0.256574727389352,11998.5211267606,10498.3198384902,0,26.8671013141156,0,0.256574727389364
110,150,99,1568,NA,0,5,NA,0,0.319897632757518,NA,0,0.319897632757518,11998.5211267606,10531.9037151328,0,33.5838766426441,0,0.319897632757528
111,151,100,1574,NA,1,6,NA,1.01010101010101,0.38265306122449,NA,1.01010101010101,0.38265306122449,12119.7183098592,10572.204367104,121.197183098593,40.3006519711726,1.01010101010102,0.382653061224499
112,152,100,1581,NA,0,7,NA,0,0.444726810673443,NA,0,0.444726810673443,12119.7183098592,10619.2217944037,0,47.017427299701,0,0.444726810673451
113,153,101,NA,NA,1,NA,NA,1,NA,NA,1,NA,12240.9154929578,NA,121.197183098591,NA,0.999999999999997,NA
114,154,101,NA,NA,0,NA,NA,0,NA,NA,0,NA,12240.9154929578,NA,0,NA,0,NA
115,155,102,NA,NA,1,NA,NA,0.99009900990099,NA,NA,0.99009900990099,NA,12362.1126760563,NA,121.197183098591,NA,0.990099009900987,NA
116,156,102,NA,NA,0,NA,NA,0,NA,NA,0,NA,12362.1126760563,NA,0,NA,0,NA
117,157,102,NA,NA,0,NA,NA,0,NA,NA,0,NA,12362.1126760563,NA,0,NA,0,NA
118,158,103,NA,NA,1,NA,NA,0.980392156862745,NA,NA,0.980392156862745,NA,12483.3098591549,NA,121.197183098591,NA,0.980392156862742,NA
119,159,103,NA,NA,0,NA,NA,0,NA,NA,0,NA,12483.3098591549,NA,0,NA,0,NA
120,160,103,NA,NA,0,NA,NA,0,NA,NA,0,NA,12483.3098591549,NA,0,NA,0,NA
121,161,103,NA,NA,0,NA,NA,0,NA,NA,0,NA,12483.3098591549,NA,0,NA,0,NA
122,162,104,NA,NA,1,NA,NA,0.970873786407767,NA,NA,0.970873786407767,NA,12604.5070422535,NA,121.197183098591,NA,0.970873786407764,NA
123,163,104,NA,NA,0,NA,NA,0,NA,NA,0,NA,12604.5070422535,NA,0,NA,0,NA
124,164,104,NA,NA,0,NA,NA,0,NA,NA,0,NA,12604.5070422535,NA,0,NA,0,NA
125,165,104,NA,NA,0,NA,NA,0,NA,NA,0,NA,12604.5070422535,NA,0,NA,0,NA
126,166,104,NA,NA,0,NA,NA,0,NA,NA,0,NA,12604.5070422535,NA,0,NA,0,NA
127,167,105,NA,NA,1,NA,NA,0.961538461538462,NA,NA,0.961538461538462,NA,12725.7042253521,NA,121.197183098591,NA,0.961538461538459,NA
128,168,105,NA,NA,0,NA,NA,0,NA,NA,0,NA,12725.7042253521,NA,0,NA,0,NA
129,169,105,NA,NA,0,NA,NA,0,NA,NA,0,NA,12725.7042253521,NA,0,NA,0,NA
130,170,105,NA,NA,0,NA,NA,0,NA,NA,0,NA,12725.7042253521,NA,0,NA,0,NA
131,171,106,NA,NA,1,NA,NA,0.952380952380952,NA,NA,0.952380952380952,NA,12846.9014084507,NA,121.197183098591,NA,0.95238095238095,NA
132,172,106,NA,NA,0,NA,NA,0,NA,NA,0,NA,12846.9014084507,NA,0,NA,0,NA
133,173,106,NA,NA,0,NA,NA,0,NA,NA,0,NA,12846.9014084507,NA,0,NA,0,NA
134,174,107,NA,NA,1,NA,NA,0.943396226415094,NA,NA,0.943396226415094,NA,12968.0985915493,NA,121.197183098593,NA,0.943396226415106,NA
135,175,107,NA,NA,0,NA,NA,0,NA,NA,0,NA,12968.0985915493,NA,0,NA,0,NA
136,176,109,NA,NA,2,NA,NA,1.86915887850467,NA,NA,1.86915887850467,NA,13210.4929577465,NA,242.394366197183,NA,1.86915887850467,NA
137,177,111,NA,NA,2,NA,NA,1.8348623853211,NA,NA,1.8348623853211,NA,13452.8873239437,NA,242.394366197183,NA,1.8348623853211,NA
138,178,112,NA,NA,1,NA,NA,0.900900900900901,NA,NA,0.900900900900901,NA,13574.0845070423,NA,121.197183098589,NA,0.900900900900885,NA
139,179,114,NA,NA,2,NA,NA,1.78571428571429,NA,NA,1.78571428571429,NA,13816.4788732394,NA,242.394366197183,NA,1.78571428571428,NA
140,180,116,NA,NA,2,NA,NA,1.75438596491228,NA,NA,1.75438596491228,NA,14058.8732394366,NA,242.394366197184,NA,1.75438596491229,NA
141,181,118,NA,NA,2,NA,NA,1.72413793103448,NA,NA,1.72413793103448,NA,14301.2676056338,NA,242.394366197183,NA,1.72413793103448,NA
142,182,120,NA,NA,2,NA,NA,1.69491525423729,NA,NA,1.69491525423729,NA,14543.661971831,NA,242.394366197183,NA,1.69491525423728,NA
143,183,123,NA,NA,3,NA,NA,2.5,NA,NA,2.5,NA,14907.2535211268,NA,363.591549295774,NA,2.49999999999999,NA
144,184,126,NA,NA,3,NA,NA,2.4390243902439,NA,NA,2.4390243902439,NA,15270.8450704225,NA,363.591549295776,NA,2.43902439024391,NA
