"daysFromToday","Day","Korea","Italy","X","dif.Korea","dif.Italy","dif.X","growth.Korea","growth.Italy","growth.X","prj.grKO.X","prj.grIT.X","grKO.prj.tot.X","grIT.prj.tot.X","dif.grKO.prj.tot.X","dif.grIT.prj.tot.X","growth.grKO.prj.tot.X","growth.grIT.prj.tot.X"
-160,NA,NA,47,NA,NA,NA,NA,NA,NA,NA,NA,NA,NA,NA,NA,NA,NA,NA
-159,NA,NA,70,NA,NA,23,NA,NA,48.936170212766,NA,NA,NA,NA,NA,NA,NA,NA,NA
-158,NA,NA,99,NA,NA,29,NA,NA,41.4285714285714,NA,NA,NA,NA,NA,NA,NA,NA,NA
-157,NA,NA,139,NA,NA,40,NA,NA,40.4040404040404,NA,NA,NA,NA,NA,NA,NA,NA,NA
-156,NA,NA,201,111,NA,62,NA,NA,44.6043165467626,NA,NA,NA,NA,NA,NA,NA,NA,NA
-155,NA,NA,272,150,NA,71,39,NA,35.3233830845771,35.1351351351351,NA,NA,NA,NA,NA,NA,NA,NA
-154,NA,NA,346,228,NA,74,78,NA,27.2058823529412,52,NA,NA,NA,NA,NA,NA,NA,NA
-153,NA,NA,519,284,NA,173,56,NA,50,24.5614035087719,NA,NA,NA,NA,NA,NA,NA,NA
-152,NA,NA,624,302,NA,105,18,NA,20.2312138728324,6.33802816901408,NA,NA,NA,NA,NA,NA,NA,NA
-151,NA,NA,767,343,NA,143,41,NA,22.9166666666667,13.5761589403974,NA,NA,NA,NA,NA,NA,NA,NA
-150,NA,NA,946,380,NA,179,37,NA,23.3376792698827,10.7871720116618,NA,NA,NA,NA,NA,NA,NA,NA
-149,NA,NA,1182,435,NA,236,55,NA,24.9471458773784,14.4736842105263,NA,NA,NA,NA,NA,NA,NA,NA
-148,NA,NA,1420,464,NA,238,29,NA,20.1353637901861,6.66666666666667,NA,NA,NA,NA,NA,NA,NA,NA
-147,NA,NA,1802,531,NA,382,67,NA,26.9014084507042,14.4396551724138,NA,NA,NA,NA,NA,NA,NA,NA
-146,NA,NA,2260,584,NA,458,53,NA,25.4162042175361,9.98116760828625,NA,NA,NA,NA,NA,NA,NA,NA
-145,NA,NA,2810,662,NA,550,78,NA,24.3362831858407,13.3561643835616,NA,NA,NA,NA,NA,NA,NA,NA
-144,NA,NA,3109,697,NA,299,35,NA,10.6405693950178,5.28700906344411,NA,NA,NA,NA,NA,NA,NA,NA
-143,NA,NA,3818,727,NA,709,30,NA,22.8047603731103,4.30416068866571,NA,NA,NA,NA,NA,NA,NA,NA
-142,NA,NA,4630,781,NA,812,54,NA,21.2676794133054,7.42778541953232,NA,NA,NA,NA,NA,NA,NA,NA
-141,NA,NA,5411,812,NA,781,31,NA,16.8682505399568,3.96927016645326,NA,NA,NA,NA,NA,NA,NA,NA
-140,NA,NA,6482,865,NA,1071,53,NA,19.7930142302717,6.52709359605911,NA,NA,NA,NA,NA,NA,NA,NA
-139,NA,NA,7582,951,NA,1100,86,NA,16.9700709657513,9.94219653179191,NA,NA,NA,NA,NA,NA,NA,NA
-138,NA,NA,8573,1091,NA,991,140,NA,13.0704299657083,14.7213459516299,NA,NA,NA,NA,NA,NA,NA,NA
-137,NA,NA,9653,1232,NA,1080,141,NA,12.5976904234224,12.9239230064161,NA,NA,NA,NA,NA,NA,NA,NA
-136,NA,NA,10942,1295,NA,1289,63,NA,13.3533616492282,5.11363636363636,NA,NA,NA,NA,NA,NA,NA,NA
-135,NA,NA,12572,1402,NA,1630,107,NA,14.8967282032535,8.26254826254826,NA,NA,NA,NA,NA,NA,NA,NA
-134,NA,NA,14406,1546,NA,1834,144,NA,14.5879732739421,10.2710413694722,NA,NA,NA,NA,NA,NA,NA,NA
-133,NA,NA,16415,1615,NA,2009,69,NA,13.9455782312925,4.46313065976714,NA,NA,NA,NA,NA,NA,NA,NA
-132,NA,NA,18119,1676,NA,1704,61,NA,10.3807493146512,3.77708978328173,NA,NA,NA,NA,NA,NA,NA,NA
-131,NA,NA,19586,1852,NA,1467,176,NA,8.09647331530438,10.5011933174224,NA,NA,NA,NA,NA,NA,NA,NA
-130,NA,NA,21194,1995,NA,1608,143,NA,8.20994587971,7.72138228941685,NA,NA,NA,NA,NA,NA,NA,NA
-129,NA,NA,22790,2135,NA,1596,140,NA,7.53043314145513,7.01754385964912,NA,NA,NA,NA,NA,NA,NA,NA
-128,NA,NA,24691,2289,NA,1901,154,NA,8.34137779727951,7.21311475409836,NA,NA,NA,NA,NA,NA,NA,NA
-127,NA,NA,26501,2482,NA,1810,193,NA,7.33060629379126,8.43162953254696,NA,NA,NA,NA,NA,NA,NA,NA
-126,NA,NA,28332,2601,NA,1831,119,NA,6.90917323874571,4.79452054794521,NA,NA,NA,NA,NA,NA,NA,NA
-125,NA,NA,29930,2717,NA,1598,116,NA,5.64026542425526,4.45982314494425,NA,NA,NA,NA,NA,NA,NA,NA
-124,NA,NA,31171,2835,NA,1241,118,NA,4.14634146341463,4.34302539565697,NA,NA,NA,NA,NA,NA,NA,NA
-123,NA,NA,32413,3027,NA,1242,192,NA,3.98447274710468,6.77248677248677,NA,NA,NA,NA,NA,NA,NA,NA
-122,NA,NA,33878,3138,NA,1465,111,NA,4.51979144170549,3.66699702675917,NA,NA,NA,NA,NA,NA,NA,NA
-121,NA,NA,35308,3402,NA,1430,264,NA,4.22102839600921,8.41300191204589,NA,NA,NA,NA,NA,NA,NA,NA
-120,NA,NA,36713,3597,NA,1405,195,NA,3.97926815452589,5.73192239858906,NA,NA,NA,NA,NA,NA,NA,NA
-119,NA,NA,38185,3857,NA,1472,260,NA,4.0094789311688,7.22824576035585,NA,NA,NA,NA,NA,NA,NA,NA
-118,NA,NA,39507,3920,NA,1322,63,NA,3.46209244467723,1.63339382940109,NA,NA,NA,NA,NA,NA,NA,NA
-117,NA,NA,40610,4049,NA,1103,129,NA,2.79191029437821,3.29081632653061,NA,NA,NA,NA,NA,NA,NA,NA
-116,NA,NA,41541,4205,NA,931,156,NA,2.29253878355085,3.85280316127439,NA,NA,NA,NA,NA,NA,NA,NA
-115,NA,NA,42716,4422,NA,1175,217,NA,2.82853084904071,5.16052318668252,NA,NA,NA,NA,NA,NA,NA,NA
-114,NA,NA,44004,4578,NA,1288,156,NA,3.01526360146081,3.52781546811398,NA,NA,NA,NA,NA,NA,NA,NA
-113,NA,NA,45215,4834,NA,1211,256,NA,2.75202254340515,5.59196155526431,NA,NA,NA,NA,NA,NA,NA,NA
-112,NA,NA,46653,4975,NA,1438,141,NA,3.18036049983413,2.91683905668184,NA,NA,NA,NA,NA,NA,NA,NA
-111,NA,NA,47907,5090,NA,1254,115,NA,2.68793003665359,2.31155778894472,NA,NA,NA,NA,NA,NA,NA,NA
-110,NA,NA,48873,5207,NA,966,117,NA,2.01640678815204,2.29862475442043,NA,NA,NA,NA,NA,NA,NA,NA
-109,NA,NA,49783,5279,NA,910,72,NA,1.86196877621591,1.38275398502017,NA,NA,NA,NA,NA,NA,NA,NA
-108,NA,NA,50600,5417,NA,817,138,NA,1.64112247152642,2.61413146429248,NA,NA,NA,NA,NA,NA,NA,NA
-107,NA,NA,51760,5571,NA,1160,154,NA,2.29249011857708,2.84290197526306,NA,NA,NA,NA,NA,NA,NA,NA
-106,NA,NA,52831,5689,NA,1071,118,NA,2.06916537867079,2.11811164961407,NA,NA,NA,NA,NA,NA,NA,NA
-105,NA,NA,53900,5850,NA,1069,161,NA,2.02343321156139,2.83002285111619,NA,NA,NA,NA,NA,NA,NA,NA
-104,NA,NA,54834,6157,NA,934,307,NA,1.73283858998145,5.24786324786325,NA,NA,NA,NA,NA,NA,NA,NA
-103,NA,NA,55525,6751,NA,691,594,NA,1.26016704964073,9.64755562774078,NA,NA,NA,NA,NA,NA,NA,NA
-102,NA,NA,56361,6751,NA,836,0,NA,1.5056280954525,0,NA,NA,NA,NA,NA,NA,NA,NA
-101,NA,NA,57394,6969,NA,1033,218,NA,1.83282766451979,3.2291512368538,NA,NA,NA,NA,NA,NA,NA,NA
-100,NA,NA,58204,7234,NA,810,265,NA,1.41129734815486,3.80255416846032,NA,NA,NA,NA,NA,NA,NA,NA
-99,NA,NA,59130,7919,NA,926,685,NA,1.59095594804481,9.46917334807852,NA,NA,NA,NA,NA,NA,NA,NA
-98,NA,NA,59852,7919,NA,722,0,NA,1.22103838998816,0,NA,NA,NA,NA,NA,NA,NA,NA
-97,NA,NA,60564,8531,NA,712,612,NA,1.18960101583907,7.7282485162268,NA,NA,NA,NA,NA,NA,NA,NA
-96,NA,NA,61097,8969,NA,533,438,NA,0.880060762168945,5.1342163872934,NA,NA,NA,NA,NA,NA,NA,NA
-95,NA,NA,61737,8969,NA,640,0,NA,1.04751460791856,0,NA,NA,NA,NA,NA,NA,NA,NA
-94,NA,NA,62377,9304,NA,640,335,NA,1.03665549022466,3.73508752369272,NA,NA,NA,NA,NA,NA,NA,NA
-93,NA,NA,62950,9576,NA,573,272,NA,0.918607820190134,2.92347377472055,NA,NA,NA,NA,NA,NA,NA,NA
-92,NA,NA,63552,9932,NA,602,356,NA,0.956314535345512,3.71762740183793,NA,NA,NA,NA,NA,NA,NA,NA
-91,NA,NA,64134,10382,NA,582,450,NA,0.915785498489426,4.53080950463149,NA,NA,NA,NA,NA,NA,NA,NA
-90,NA,NA,64560,10858,NA,426,476,NA,0.664234259519132,4.58485840878443,NA,NA,NA,NA,NA,NA,NA,NA
-89,NA,NA,64934,11308,NA,374,450,NA,0.579306071871128,4.14440965186959,NA,NA,NA,NA,NA,NA,NA,NA
-88,NA,NA,65263,11571,NA,329,263,NA,0.506668309360274,2.32578705341351,NA,NA,NA,NA,NA,NA,NA,NA
-87,0,38,65706,12067,NA,443,496,NA,0.67879196481927,4.28657851525365,NA,NA,NA,NA,NA,NA,NA,NA
-86,1,74,66135,12067,36,429,0,94.7368421052632,0.65290841019085,0,NA,NA,NA,NA,NA,NA,NA,NA
-85,2,157,66541,12312,83,406,245,112.162162162162,0.613895819157783,2.03033065384934,NA,NA,NA,NA,NA,NA,NA,NA
-84,3,218,66873,12511,61,332,199,38.8535031847134,0.498940502847868,1.61630929174789,NA,NA,NA,NA,NA,NA,NA,NA
-83,4,302,67119,12694,84,246,183,38.5321100917431,0.367861468754206,1.4627128127248,NA,NA,NA,NA,NA,NA,NA,NA
-82,5,354,67347,12859,52,228,165,17.2185430463576,0.339695168283199,1.2998266897747,NA,NA,NA,NA,NA,NA,NA,NA
-81,6,457,67776,13074,103,429,215,29.0960451977401,0.636999420909617,1.67198071389688,NA,NA,NA,NA,NA,NA,NA,NA
-80,7,640,68049,13319,183,273,245,40.0437636761488,0.402797450424929,1.87394829432461,NA,NA,NA,NA,NA,NA,NA,NA
-79,8,846,68352,13872,206,303,553,32.1875,0.445267380857911,4.15196336061266,NA,NA,NA,NA,NA,NA,NA,NA
-78,9,1141,68594,13872,295,242,0,34.8699763593381,0.354049625468165,0,NA,NA,NA,NA,NA,NA,NA,NA
-77,10,1353,68862,14238,212,268,366,18.5801928133216,0.390704726360906,2.63840830449827,NA,NA,NA,NA,NA,NA,NA,NA
-76,11,1570,69069,14496,217,207,258,16.0384331116038,0.30060120240481,1.81205225453013,NA,NA,NA,NA,NA,NA,NA,NA
-75,12,1878,69207,15192,308,138,696,19.6178343949045,0.1998001998002,4.80132450331126,NA,NA,NA,NA,NA,NA,NA,NA
-74,13,2036,69456,15542,158,249,350,8.41320553780618,0.359790194633491,2.30384412848868,NA,NA,NA,NA,NA,NA,NA,NA
-73,14,2205,69660,15877,169,204,335,8.30058939096267,0.293711126468556,2.15544974906704,NA,NA,NA,NA,NA,NA,NA,NA
-72,15,2388,69857,15877,183,197,0,8.29931972789116,0.282802182026988,0,NA,NA,NA,NA,NA,NA,NA,NA
-71,16,2550,70057,16779,162,200,902,6.78391959798995,0.286299153986,5.68117402531964,NA,NA,NA,NA,NA,NA,NA,NA
-70,17,2649,70262,17225,99,205,446,3.88235294117647,0.292618867493612,2.6580845103999,NA,NA,NA,NA,NA,NA,NA,NA
-69,18,2708,70424,17732,59,162,507,2.22725556813892,0.230565597335686,2.94339622641509,NA,NA,NA,NA,NA,NA,NA,NA
-68,19,2721,70516,18231,13,92,499,0.480059084194978,0.130637282744519,2.81412136250846,NA,NA,NA,NA,NA,NA,NA,NA
-67,20,2809,70638,18765,88,122,534,3.23410510841602,0.173010380622837,2.92907684712852,NA,NA,NA,NA,NA,NA,NA,NA
-66,21,2850,70817,19285,41,179,520,1.45959416162335,0.253404683031796,2.77111644018119,NA,NA,NA,NA,NA,NA,NA,NA
-65,22,2890,70998,19750,40,181,465,1.40350877192982,0.255588347430702,2.41120041483018,NA,NA,NA,NA,NA,NA,NA,NA
-64,23,2928,71156,20319,38,158,569,1.31487889273356,0.222541480041691,2.88101265822785,NA,NA,NA,NA,NA,NA,NA,NA
-63,24,2956,71284,20319,28,128,0,0.956284153005465,0.179886446680533,0,NA,NA,NA,NA,NA,NA,NA,NA
-62,25,2983,71386,21327,27,102,1008,0.91339648173207,0.143089613377476,4.96087405876273,NA,NA,NA,NA,NA,NA,NA,NA
-61,26,3013,71447,21819,30,61,492,1.00569896077774,0.0854509287535371,2.30693487128991,NA,NA,NA,NA,NA,NA,NA,NA
-60,27,3047,71545,22308,34,98,489,1.12844341188185,0.137164611530225,2.24116595627664,NA,NA,NA,NA,NA,NA,NA,NA
-59,28,3102,71643,41065,55,98,18757,1.80505415162455,0.136976727933468,84.0819436973283,NA,NA,NA,NA,NA,NA,NA,NA
-58,29,3133,71697,42574,31,54,1509,0.999355254674404,0.0753737280683388,3.67466212102764,NA,NA,NA,NA,NA,NA,NA,NA
-57,30,3187,71856,45719,54,159,3145,1.7235876157038,0.221766601113017,7.38713768966975,NA,NA,NA,NA,NA,NA,NA,NA
-56,31,3222,71939,47171,35,83,1452,1.09821148415438,0.115508795368515,3.17592248299394,NA,NA,NA,NA,NA,NA,NA,NA
-55,32,3245,71999,48574,23,60,1403,0.713842333954066,0.083403995051363,2.97428504801679,NA,NA,NA,NA,NA,NA,NA,NA
-54,33,3273,72085,49683,28,86,1109,0.86286594761171,0.119446103418103,2.28311442335406,NA,NA,NA,NA,NA,NA,NA,NA
-53,34,3309,72172,51059,36,87,1376,1.09990834097159,0.120690851078588,2.7695590040859,NA,NA,NA,NA,NA,NA,NA,NA
-52,35,3347,72233,51059,38,61,0,1.14838319734059,0.0845203125865987,0,NA,NA,NA,NA,NA,NA,NA,NA
-51,36,3380,72350,54747,33,117,3688,0.985957573946818,0.161975828222558,7.2230165103116,NA,NA,NA,NA,NA,NA,NA,NA
-50,37,3432,72399,56455,52,49,1708,1.53846153846154,0.0677263303386317,3.11980565145122,NA,NA,NA,NA,NA,NA,NA,NA
-49,38,3471,72505,58253,39,106,1798,1.13636363636364,0.146410862028481,3.1848374811797,NA,NA,NA,NA,NA,NA,NA,NA
-48,39,3499,72609,58253,28,104,0,0.806683952751369,0.143438383559754,0,NA,NA,NA,NA,NA,NA,NA,NA
-47,40,3544,72701,61755,45,92,3502,1.28608173763933,0.12670605572312,6.01170755154241,NA,NA,NA,NA,NA,NA,NA,NA
-46,41,3581,72766,63514,37,65,1759,1.04401805869075,0.0894072983865421,2.84835236013278,NA,NA,NA,NA,NA,NA,NA,NA
-45,42,3613,72866,65188,32,100,1674,0.893605138229545,0.137426820218234,2.63563938659193,NA,NA,NA,NA,NA,NA,NA,NA
-44,43,3644,72968,66895,31,102,1707,0.858012731801827,0.139982982460956,2.61858010676812,NA,NA,NA,NA,NA,NA,NA,NA
-43,44,3678,72922,68703,34,0,1808,0.933040614709111,0,2.70274310486583,NA,NA,NA,NA,NA,NA,NA,NA
-42,45,3707,73003,68703,29,81,0,0.78847199564981,0.111077589753435,0,NA,NA,NA,NA,NA,NA,NA,NA
-41,46,3724,73072,71838,17,69,3135,0.458591853250607,0.0945166636987521,4.56311951443168,NA,NA,NA,NA,NA,NA,NA,NA
-40,47,3741,73139,73468,17,67,1630,0.456498388829216,0.0916903875629516,2.26899412567165,NA,NA,NA,NA,NA,NA,NA,NA
-39,48,3761,73174,75153,20,35,1685,0.534616412723871,0.0478540860553193,2.2935155441825,NA,NA,NA,NA,NA,NA,NA,NA
-38,49,3775,73351,75153,14,177,0,0.372241425152885,0.241889195615929,0,NA,NA,NA,NA,NA,NA,NA,NA
-37,50,3785,73441,78486,10,90,3333,0.264900662251656,0.122697713732601,4.43495269649914,NA,NA,NA,NA,NA,NA,NA,NA
-36,51,3795,73520,80226,10,79,1740,0.264200792602378,0.107569341376071,2.21695589022246,NA,NA,NA,NA,NA,NA,NA,NA
-35,52,3807,73573,81720,12,53,1494,0.316205533596838,0.0720892274211099,1.86223917433251,NA,NA,NA,NA,NA,NA,NA,NA
-34,53,3816,73627,83122,9,54,1402,0.236406619385343,0.0733964905603958,1.7156142927068,NA,NA,NA,NA,NA,NA,NA,NA
-33,54,3826,73665,84648,10,38,1526,0.262054507337526,0.0516115012155867,1.83585573013161,NA,NA,NA,NA,NA,NA,NA,NA
-32,55,3836,73709,86192,10,44,1544,0.261369576581286,0.0597298581415869,1.82402419431056,NA,NA,NA,NA,NA,NA,NA,NA
-31,56,3844,73764,87664,8,55,1472,0.208550573514077,0.0746177535986108,1.70781511045109,NA,NA,NA,NA,NA,NA,NA,NA
-30,57,3852,73826,89078,8,62,1414,0.208116545265349,0.084051841006453,1.6129768205877,NA,NA,NA,NA,NA,NA,NA,NA
-29,58,3858,73894,90367,6,68,1289,0.155763239875389,0.0921084712702842,1.44704640876535,NA,NA,NA,NA,NA,NA,NA,NA
-28,59,3861,73966,90367,3,72,0,0.0777604976671851,0.0974368690286085,0,NA,NA,NA,NA,NA,NA,NA,NA
-27,60,3866,74025,92662,5,59,2295,0.129500129500129,0.0797663791471757,2.53964389655516,NA,NA,NA,NA,NA,NA,NA,NA
-26,61,3869,74089,93820,3,64,1158,0.0775995861355406,0.0864572779466396,1.24970322246444,NA,NA,NA,NA,NA,NA,NA,NA
-25,62,3873,74131,94882,4,42,1062,0.103385887826312,0.0566885772516838,1.13195480707738,NA,NA,NA,NA,NA,NA,NA,NA
-24,63,3878,74190,95942,5,59,1060,0.129098889749548,0.0795888359795497,1.11717712527139,NA,NA,NA,NA,NA,NA,NA,NA
-23,64,3882,74256,96922,4,66,980,0.103145951521403,0.0889607763849575,1.02145045965271,NA,NA,NA,NA,NA,NA,NA,NA
-22,65,3885,74340,97829,3,84,907,0.0772797527047913,0.113122171945701,0.935804048616413,NA,NA,NA,NA,NA,NA,NA,NA
-21,66,3889,74398,98701,4,58,872,0.102960102960103,0.0780199085283831,0.89135123531877,NA,NA,NA,NA,NA,NA,NA,NA
-20,67,3894,74469,99442,5,71,741,0.128567755206994,0.0954326729213151,0.750752272013455,NA,NA,NA,NA,NA,NA,NA,NA
-19,68,3897,74521,100164,3,52,722,0.0770416024653313,0.0698277135452336,0.726051366625772,NA,NA,NA,NA,NA,NA,NA,NA
-18,69,3899,74556,100855,2,35,691,0.0513215293815756,0.0469666268568591,0.689868615470628,NA,NA,NA,NA,NA,NA,NA,NA
-17,70,3902,74606,101372,3,50,517,0.0769428058476532,0.0670636836740168,0.512617123593277,NA,NA,NA,NA,NA,NA,NA,NA
-16,71,3904,74676,101848,2,70,476,0.0512557662737058,0.0938262338149747,0.46955766878428,NA,NA,NA,NA,NA,NA,NA,NA
-15,72,3909,74747,102287,5,71,439,0.128073770491803,0.0950774010391558,0.431034482758621,NA,NA,NA,NA,NA,NA,NA,NA
-14,73,3912,74823,102696,3,76,409,0.0767459708365311,0.101676321457717,0.39985530908131,NA,NA,NA,NA,NA,NA,NA,NA
-13,74,3913,74890,103033,1,67,337,0.0255623721881391,0.0895446587279312,0.328152995248111,NA,NA,NA,NA,NA,NA,NA,NA
-12,75,3913,74948,103300,0,58,267,0,0.0774469221524903,0.259140275445731,NA,NA,NA,NA,NA,NA,NA,NA
-11,76,3915,74987,103571,2,39,271,0.0511116790186558,0.0520360783476544,0.262342691190707,NA,NA,NA,NA,NA,NA,NA,NA
-10,77,3919,75073,103815,4,86,244,0.102171136653895,0.114686545667916,0.235587181740062,NA,NA,NA,NA,NA,NA,NA,NA
-9,78,3926,75167,104071,7,94,256,0.178616994131156,0.125211460844778,0.246592496267399,NA,NA,NA,NA,NA,NA,NA,NA
-8,79,3938,75244,104313,12,77,242,0.305654610290372,0.102438570117206,0.232533558820421,NA,NA,NA,NA,NA,NA,NA,NA
-7,80,3951,75328,104543,13,84,230,0.330116810563738,0.111636808250492,0.22049025528937,NA,NA,NA,NA,NA,NA,NA,NA
-6,81,3961,75406,104718,10,78,175,0.253100480890914,0.103547153780799,0.16739523449681,NA,NA,NA,NA,NA,NA,NA,NA
-5,82,3970,75457,104902,9,51,184,0.227215349659177,0.0676338752884386,0.17571000210088,NA,NA,NA,NA,NA,NA,NA,NA
-4,83,3980,75519,105075,10,62,173,0.251889168765743,0.0821660018288562,0.164915826199691,NA,NA,NA,NA,NA,NA,NA,NA
-3,84,3990,75608,105243,10,89,168,0.251256281407035,0.117851136800011,0.1598857958601,NA,NA,NA,NA,NA,NA,NA,NA
-2,85,3997,75725,105408,7,117,165,0.175438596491228,0.15474552957359,0.156780023374476,NA,NA,NA,NA,NA,NA,NA,NA
-1,86,4002,75841,105558,5,116,150,0.125093820365274,0.153185869924067,0.142304189435337,NA,NA,NA,NA,NA,NA,NA,NA
0,87,4007,75931,105684,5,90,126,0.124937531234383,0.118669321343337,0.119365656795316,NA,NA,105684,105684,126,126,NA,NA
1,88,4012,76004,NA,5,73,NA,0.124781632143748,0.096139916503141,NA,0.124781632143748,0.096139916503141,105815.874220115,105785.604509357,131.874220114812,101.604509357188,0.124781632143761,0.0961399165031493
2,89,4024,76053,NA,12,49,NA,0.299102691924227,0.0644702910373138,NA,0.299102691924227,0.0644702910373138,106132.37234839,105853.80479646,316.498128275533,68.2002871027653,0.299102691924241,0.0644702910373147
3,90,4028,76111,NA,4,58,NA,0.099403578528827,0.0762626063403153,NA,0.099403578528827,0.0762626063403153,106237.871724482,105934.531666908,105.49937609183,80.7268704481539,0.0994035785288179,0.0762626063403001
4,91,4035,76229,NA,7,118,NA,0.173783515392254,0.155036722681347,NA,0.173783515392254,0.155036722681347,106422.495632643,106098.769092992,184.62390816072,164.237426084219,0.173783515392255,0.155036722681357
5,92,4043,76351,NA,8,122,NA,0.198265179677819,0.160044077713206,NA,0.198265179677819,0.160044077713206,106633.494384827,106268.573889452,210.998752183688,169.804796459954,0.198265179677828,0.160044077713215
6,93,4052,76521,NA,9,170,NA,0.222606975018551,0.222655891867821,NA,0.222606975018551,0.222655891867821,106870.867981033,106505.187130421,237.373596206628,236.613240968785,0.22260697501854,0.222655891867831
7,94,4058,76627,NA,6,106,NA,0.148075024679171,0.138524065289267,NA,0.148075024679171,0.138524065289267,107029.117045171,106652.722445378,158.249064137766,147.535314957,0.148075024679178,0.138524065289267
8,95,4065,76769,NA,7,142,NA,0.172498767865944,0.185313270779229,NA,0.172498767865944,0.185313270779229,107213.740953332,106850.364093717,184.623908160705,197.641648338613,0.172498767865931,0.185313270779219
9,96,4080,76848,NA,15,79,NA,0.3690036900369,0.102906120960283,NA,0.3690036900369,0.102906120960283,107609.363613676,106960.319658637,395.622660344394,109.95556492079,0.369003690036897,0.10290612096029
10,97,4108,76974,NA,28,126,NA,0.686274509803922,0.163960024984385,NA,0.686274509803922,0.163960024984385,108347.859246319,107135.691825473,738.495632642866,175.372166835674,0.686274509803913,0.163960024984379
11,98,4129,77120,NA,21,146,NA,0.511197663096397,0.189674435523683,NA,0.511197663096397,0.189674435523683,108901.730970801,107338.900844188,553.87172448216,203.209018714362,0.511197663096401,0.189674435523686
12,99,4143,77280,NA,14,160,NA,0.339065148946476,0.20746887966805,NA,0.339065148946476,0.20746887966805,109270.978787123,107561.595659217,369.24781632144,222.694815029434,0.339065148946478,0.207468879668049
13,100,4153,77456,NA,10,176,NA,0.241370987207338,0.227743271221532,NA,0.241370987207338,0.227743271221532,109534.727227352,107806.559955749,263.748440229596,244.964296532373,0.241370987207336,0.227743271221527
14,101,4166,77649,NA,13,193,NA,0.313026727666747,0.2491737244371,NA,0.313026727666747,0.2491737244371,109877.600199651,108075.185576379,342.872972298486,268.625620629246,0.313026727666755,0.24917372443709
15,102,4180,77795,NA,14,146,NA,0.336053768602976,0.188025602390243,NA,0.336053768602976,0.188025602390243,110246.848015972,108278.394595093,369.24781632144,203.209018714362,0.336053768602979,0.188025602390246
16,103,4197,77893,NA,17,98,NA,0.406698564593301,0.125972106176489,NA,0.406698564593301,0.125972106176489,110695.220364362,108414.795169298,448.372348390316,136.400574205531,0.4066985645933,0.125972106176491
17,104,4211,78016,NA,14,123,NA,0.33357159876102,0.157908926347682,NA,0.33357159876102,0.157908926347682,111064.468180684,108585.991808352,369.24781632144,171.196639053873,0.333571598761022,0.157908926347677
18,105,4226,78212,NA,15,196,NA,0.356209926383282,0.251230516817063,NA,0.356209926383282,0.251230516817063,111460.090841028,108858.792956763,395.622660344394,272.801148411047,0.356209926383279,0.251230516817053
19,106,4244,78470,NA,18,258,NA,0.425934690014198,0.329872653812714,NA,0.425934690014198,0.329872653812714,111934.838033441,109217.888345998,474.74719241327,359.095389234979,0.425934690014191,0.329872653812729
20,107,4265,78760,NA,21,290,NA,0.494816211121583,0.369567987766025,NA,0.494816211121583,0.369567987766025,112488.709757924,109621.522698239,553.871724482146,403.634352240842,0.494816211121574,0.369567987766018
21,108,4278,79088,NA,13,328,NA,0.304806565064478,0.416455053326562,NA,0.304806565064478,0.416455053326562,112831.582730222,110078.04706905,342.872972298486,456.524370810352,0.304806565064486,0.416455053326572
22,109,4292,79459,NA,14,371,NA,0.327255726975222,0.469097713938903,NA,0.327255726975222,0.469097713938903,113200.830546544,110594.420671399,369.24781632144,516.3736023495,0.327255726975224,0.469097713938902
23,110,4310,79750,NA,18,291,NA,0.419384902143523,0.366226607432764,NA,0.419384902143523,0.366226607432764,113675.577738957,110999.446866234,474.747192413284,405.026194834791,0.419384902143529,0.36622660743277
24,111,4327,80019,NA,17,269,NA,0.394431554524362,0.33730407523511,NA,0.394431554524362,0.33730407523511,114123.950087347,111373.852524002,448.372348390316,374.405657768235,0.394431554524361,0.337304075235108
25,112,4347,80437,NA,20,418,NA,0.462214005084354,0.522375935715268,NA,0.462214005084354,0.522375935715268,114651.446967806,111955.642728266,527.496880459192,581.790204264398,0.46221400508435,0.522375935715268
26,113,4364,80869,NA,17,432,NA,0.391074304117782,0.537066275470244,NA,0.391074304117782,0.537066275470244,115099.819316197,112556.918728846,448.372348390316,601.276000579455,0.391074304117781,0.537066275470227
27,114,4377,81316,NA,13,447,NA,0.297891842346471,0.552745798760959,NA,0.297891842346471,0.552745798760959,115442.692288495,113179.072368334,342.872972298486,622.15363948849,0.297891842346479,0.552745798760965
28,115,4390,81759,NA,13,443,NA,0.297007082476582,0.544788233557971,NA,0.297007082476582,0.544788233557971,115785.565260794,113795.658637447,342.872972298472,616.58626911274,0.297007082476577,0.544788233557965
29,116,4402,NA,NA,12,NA,NA,0.273348519362187,NA,NA,0.273348519362187,NA,116102.063389069,NA,316.498128275518,NA,0.273348519362187,NA
30,117,4418,NA,NA,16,NA,NA,0.36347114947751,NA,NA,0.36347114947751,NA,116524.060893436,NA,421.997504367348,NA,0.363471149477502,NA
31,118,4439,NA,NA,21,NA,NA,0.4753282028067,NA,NA,0.4753282028067,NA,117077.932617919,NA,553.871724482146,NA,0.475328202806691,NA
32,119,4457,NA,NA,18,NA,NA,0.405496733498536,NA,NA,0.405496733498536,NA,117552.679810332,NA,474.747192413284,NA,0.405496733498542,NA
33,120,4481,NA,NA,24,NA,NA,0.538478797397352,NA,NA,0.538478797397352,NA,118185.676066883,NA,632.996256551021,NA,0.53847879739734,NA
34,121,4498,NA,NA,17,NA,NA,0.379379602767239,NA,NA,0.379379602767239,NA,118634.048415273,NA,448.372348390316,NA,0.379379602767239,NA
35,122,4504,NA,NA,6,NA,NA,0.133392618941752,NA,NA,0.133392618941752,NA,118792.297479411,NA,158.249064137752,NA,0.133392618941746,NA
36,123,4521,NA,NA,17,NA,NA,0.377442273534636,NA,NA,0.377442273534636,NA,119240.669827801,NA,448.37234839033,NA,0.377442273534647,NA
37,124,4540,NA,NA,19,NA,NA,0.42026100420261,NA,NA,0.42026100420261,NA,119741.791864238,NA,501.122036436223,NA,0.420261004202599,NA
38,125,4550,NA,NA,10,NA,NA,0.220264317180617,NA,NA,0.220264317180617,NA,120005.540304467,NA,263.748440229581,NA,0.220264317180603,NA
39,126,4564,NA,NA,14,NA,NA,0.307692307692308,NA,NA,0.307692307692308,NA,120374.788120789,NA,369.247816321425,NA,0.307692307692298,NA
40,127,4582,NA,NA,18,NA,NA,0.394390885188431,NA,NA,0.394390885188431,NA,120849.535313202,NA,474.74719241327,NA,0.394390885188425,NA
41,128,4605,NA,NA,23,NA,NA,0.501964207769533,NA,NA,0.501964207769533,NA,121456.15672573,NA,606.621412528082,NA,0.501964207769538,NA
42,129,4620,NA,NA,15,NA,NA,0.325732899022801,NA,NA,0.325732899022801,NA,121851.779386074,NA,395.622660344394,NA,0.325732899022799,NA
43,130,4636,NA,NA,16,NA,NA,0.346320346320346,NA,NA,0.346320346320346,NA,122273.776890442,NA,421.997504367348,NA,0.346320346320339,NA
44,131,4654,NA,NA,18,NA,NA,0.388265746333046,NA,NA,0.388265746333046,NA,122748.524082855,NA,474.74719241327,NA,0.38826574633304,NA
45,132,4673,NA,NA,19,NA,NA,0.408250966910185,NA,NA,0.408250966910185,NA,123249.646119291,NA,501.122036436253,NA,0.408250966910198,NA
46,133,4696,NA,NA,23,NA,NA,0.49218917183822,NA,NA,0.49218917183822,NA,123856.267531819,NA,606.621412528082,NA,0.492189171838225,NA
47,134,4719,NA,NA,23,NA,NA,0.489778534923339,NA,NA,0.489778534923339,NA,124462.888944347,NA,606.621412528068,NA,0.489778534923333,NA
48,135,4741,NA,NA,22,NA,NA,0.466200466200466,NA,NA,0.466200466200466,NA,125043.135512852,NA,580.246568505128,NA,0.466200466200476,NA
49,136,4758,NA,NA,17,NA,NA,0.358574140476693,NA,NA,0.358574140476693,NA,125491.507861243,NA,448.372348390316,NA,0.358574140476692,NA
50,137,4774,NA,NA,16,NA,NA,0.336275746111812,NA,NA,0.336275746111812,NA,125913.50536561,NA,421.997504367362,NA,0.336275746111816,NA
51,138,4796,NA,NA,22,NA,NA,0.460829493087558,NA,NA,0.460829493087558,NA,126493.751934115,NA,580.246568505128,NA,0.460829493087568,NA
52,139,4814,NA,NA,18,NA,NA,0.375312760633862,NA,NA,0.375312760633862,NA,126968.499126529,NA,474.747192413284,NA,0.375312760633868,NA
53,140,4830,NA,NA,16,NA,NA,0.332363938512671,NA,NA,0.332363938512671,NA,127390.496630896,NA,421.997504367362,NA,0.332363938512675,NA
54,141,4843,NA,NA,13,NA,NA,0.269151138716356,NA,NA,0.269151138716356,NA,127733.369603194,NA,342.872972298472,NA,0.269151138716351,NA
55,142,4859,NA,NA,16,NA,NA,0.330373735288045,NA,NA,0.330373735288045,NA,128155.367107562,NA,421.997504367348,NA,0.330373735288037,NA
56,143,4881,NA,NA,22,NA,NA,0.452768059271455,NA,NA,0.452768059271455,NA,128735.613676067,NA,580.246568505114,NA,0.452768059271453,NA
57,144,4893,NA,NA,12,NA,NA,0.245851259987707,NA,NA,0.245851259987707,NA,129052.111804342,NA,316.498128275518,NA,0.245851259987708,NA
58,145,4908,NA,NA,15,NA,NA,0.306560392397302,NA,NA,0.306560392397302,NA,129447.734464687,NA,395.622660344379,NA,0.306560392397288,NA
59,146,4930,NA,NA,22,NA,NA,0.448247758761206,NA,NA,0.448247758761206,NA,130027.981033192,NA,580.246568505114,NA,0.448247758761205,NA
60,147,4951,NA,NA,21,NA,NA,0.425963488843813,NA,NA,0.425963488843813,NA,130581.852757674,NA,553.871724482146,NA,0.425963488843805,NA
61,148,4965,NA,NA,14,NA,NA,0.282771157341951,NA,NA,0.282771157341951,NA,130951.100573995,NA,369.247816321425,NA,0.282771157341942,NA
62,149,4978,NA,NA,13,NA,NA,0.261832829808661,NA,NA,0.261832829808661,NA,131293.973546294,NA,342.872972298457,NA,0.261832829808645,NA
63,150,4987,NA,NA,9,NA,NA,0.180795500200884,NA,NA,0.180795500200884,NA,131531.347142501,NA,237.373596206657,NA,0.180795500200898,NA
64,151,5004,NA,NA,17,NA,NA,0.340886304391418,NA,NA,0.340886304391418,NA,131979.719490891,NA,448.372348390316,NA,0.340886304391417,NA
65,152,5026,NA,NA,22,NA,NA,0.4396482813749,NA,NA,0.4396482813749,NA,132559.966059396,NA,580.246568505128,NA,0.43964828137491,NA
66,153,5048,NA,NA,22,NA,NA,0.437723836052527,NA,NA,0.437723836052527,NA,133140.212627901,NA,580.246568505099,NA,0.437723836052514,NA
67,154,5063,NA,NA,15,NA,NA,0.297147385103011,NA,NA,0.297147385103011,NA,133535.835288245,NA,395.622660344379,NA,0.297147385102998,NA
68,155,5103,NA,NA,40,NA,NA,0.790045427612088,NA,NA,0.790045427612088,NA,134590.829049164,NA,1054.99376091841,NA,0.790045427612103,NA
69,156,5124,NA,NA,21,NA,NA,0.411522633744856,NA,NA,0.411522633744856,NA,135144.700773646,NA,553.87172448216,NA,0.411522633744859,NA
70,157,5134,NA,NA,10,NA,NA,0.195160031225605,NA,NA,0.195160031225605,NA,135408.449213876,NA,263.748440229596,NA,0.195160031225603,NA
71,158,5144,NA,NA,10,NA,NA,0.194779898714453,NA,NA,0.194779898714453,NA,135672.197654105,NA,263.748440229596,NA,0.194779898714451,NA
72,159,5161,NA,NA,17,NA,NA,0.330482115085537,NA,NA,0.330482115085537,NA,136120.570002496,NA,448.372348390316,NA,0.330482115085536,NA
73,160,5168,NA,NA,7,NA,NA,0.1356326293354,NA,NA,0.1356326293354,NA,136305.193910656,NA,184.62390816072,NA,0.135632629335401,NA
74,161,5181,NA,NA,13,NA,NA,0.251547987616099,NA,NA,0.251547987616099,NA,136648.066882955,NA,342.872972298501,NA,0.251547987616116,NA
75,162,5192,NA,NA,11,NA,NA,0.212314225053079,NA,NA,0.212314225053079,NA,136938.190167207,NA,290.123284252564,NA,0.212314225053083,NA
76,163,5203,NA,NA,11,NA,NA,0.211864406779661,NA,NA,0.211864406779661,NA,137228.31345146,NA,290.123284252564,NA,0.211864406779666,NA
77,164,5211,NA,NA,8,NA,NA,0.153757447626369,NA,NA,0.153757447626369,NA,137439.312203644,NA,210.998752183688,NA,0.153757447626377,NA
78,165,5223,NA,NA,12,NA,NA,0.23028209556707,NA,NA,0.23028209556707,NA,137755.810331919,NA,316.498128275533,NA,0.23028209556708,NA
79,166,5235,NA,NA,12,NA,NA,0.229753015508329,NA,NA,0.229753015508329,NA,138072.308460195,NA,316.498128275533,NA,0.229753015508339,NA
80,167,5251,NA,NA,16,NA,NA,0.305635148042025,NA,NA,0.305635148042025,NA,138494.305964562,NA,421.997504367348,NA,0.305635148042018,NA
81,168,5258,NA,NA,7,NA,NA,0.133307941344506,NA,NA,0.133307941344506,NA,138678.929872723,NA,184.623908160691,NA,0.133307941344486,NA
82,169,5274,NA,NA,16,NA,NA,0.304298212248003,NA,NA,0.304298212248003,NA,139100.92737709,NA,421.997504367348,NA,0.304298212247996,NA
83,170,5287,NA,NA,13,NA,NA,0.24649222601441,NA,NA,0.24649222601441,NA,139443.800349389,NA,342.872972298472,NA,0.246492226014406,NA
84,171,5297,NA,NA,10,NA,NA,0.189143181388311,NA,NA,0.189143181388311,NA,139707.548789618,NA,263.748440229596,NA,0.189143181388309,NA
85,172,5309,NA,NA,12,NA,NA,0.226543326411176,NA,NA,0.226543326411176,NA,140024.046917894,NA,316.498128275503,NA,0.226543326411166,NA
86,173,5329,NA,NA,20,NA,NA,0.376718779431155,NA,NA,0.376718779431155,NA,140551.543798353,NA,527.496880459192,NA,0.376718779431152,NA
87,174,5349,NA,NA,20,NA,NA,0.375304935259899,NA,NA,0.375304935259899,NA,141079.040678812,NA,527.496880459192,NA,0.375304935259896,NA
88,175,5386,NA,NA,37,NA,NA,0.691718078145448,NA,NA,0.691718078145448,NA,142054.909907661,NA,975.869228849508,NA,0.691718078145444,NA
89,176,5446,NA,NA,60,NA,NA,1.11399925733383,NA,NA,1.11399925733383,NA,143637.400549039,NA,1582.49064137758,NA,1.11399925733382,NA
90,177,5547,NA,NA,101,NA,NA,1.85457216305545,NA,NA,1.85457216305545,NA,146301.259795358,NA,2663.85924631893,NA,1.85457216305544,NA
91,178,5619,NA,NA,72,NA,NA,1.29799891833423,NA,NA,1.29799891833423,NA,148200.248565011,NA,1898.98876965311,NA,1.29799891833424,NA
92,179,5708,NA,NA,89,NA,NA,1.58391172806549,NA,NA,1.58391172806549,NA,150547.609683055,NA,2347.36111804342,NA,1.58391172806549,NA
93,180,5815,NA,NA,107,NA,NA,1.87456201822004,NA,NA,1.87456201822004,NA,153369.717993511,NA,2822.10831045671,NA,1.87456201822005,NA
94,181,5920,NA,NA,105,NA,NA,1.80567497850387,NA,NA,1.80567497850387,NA,156139.076615922,NA,2769.3586224108,NA,1.80567497850388,NA
95,182,6037,NA,NA,117,NA,NA,1.97635135135135,NA,NA,1.97635135135135,NA,159224.933366608,NA,3085.8567506863,NA,1.97635135135136,NA
96,183,6157,NA,NA,120,NA,NA,1.98774225608746,NA,NA,1.98774225608746,NA,162389.914649364,NA,3164.98128275518,NA,1.98774225608746,NA
97,184,6301,NA,NA,144,NA,NA,2.3388013643008,NA,NA,2.3388013643008,NA,166187.89218867,NA,3797.97753930622,NA,2.3388013643008,NA
98,185,6397,NA,NA,96,NA,NA,1.52356768766862,NA,NA,1.52356768766862,NA,168719.877214874,NA,2531.98502620411,NA,1.52356768766861,NA
99,186,6499,NA,NA,102,NA,NA,1.59449742066594,NA,NA,1.59449742066594,NA,171410.111305216,NA,2690.2340903419,NA,1.59449742066593,NA
100,187,6615,NA,NA,116,NA,NA,1.78488998307432,NA,NA,1.78488998307432,NA,174469.593211879,NA,3059.48190666334,NA,1.78488998307432,NA
101,188,6774,NA,NA,159,NA,NA,2.40362811791383,NA,NA,2.40362811791383,NA,178663.19341153,NA,4193.60019965062,NA,2.40362811791384,NA
102,189,6909,NA,NA,135,NA,NA,1.99291408325952,NA,NA,1.99291408325952,NA,182223.797354629,NA,3560.60394309959,NA,1.99291408325953,NA
103,190,7026,NA,NA,117,NA,NA,1.69344333478072,NA,NA,1.69344333478072,NA,185309.654105316,NA,3085.8567506863,NA,1.69344333478072,NA
104,191,7134,NA,NA,108,NA,NA,1.53714773697694,NA,NA,1.53714773697694,NA,188158.137259795,NA,2848.48315447968,NA,1.53714773697695,NA
